3 0 226 1
3 1 226 231
3 226 227 231
3 231 227 232
3 227 228 232
3 232 228 233
3 228 229 233
3 233 229 234
3 229 230 234
3 234 230 235
3 230 25 235
3 235 25 26
3 1 231 2
3 2 231 236
3 231 232 236
3 236 232 237
3 232 233 237
3 237 233 238
3 233 234 238
3 238 234 239
3 234 235 239
3 239 235 240
3 235 26 240
3 240 26 27
3 2 236 3
3 3 236 241
3 236 237 241
3 241 237 242
3 237 238 242
3 242 238 243
3 238 239 243
3 243 239 244
3 239 240 244
3 244 240 245
3 240 27 245
3 245 27 28
3 3 241 4
3 4 241 246
3 241 242 246
3 246 242 247
3 242 243 247
3 247 243 248
3 243 244 248
3 248 244 249
3 244 245 249
3 249 245 250
3 245 28 250
3 250 28 29
3 4 246 5
3 5 246 251
3 246 247 251
3 251 247 252
3 247 248 252
3 252 248 253
3 248 249 253
3 253 249 254
3 249 250 254
3 254 250 255
3 250 29 255
3 255 29 30
3 5 251 6
3 6 251 256
3 251 252 256
3 256 252 257
3 252 253 257
3 257 253 258
3 253 254 258
3 258 254 259
3 254 255 259
3 259 255 260
3 255 30 260
3 260 30 31
3 6 256 7
3 7 256 261
3 256 257 261
3 261 257 262
3 257 258 262
3 262 258 263
3 258 259 263
3 263 259 264
3 259 260 264
3 264 260 265
3 260 31 265
3 265 31 32
3 7 261 8
3 8 261 266
3 261 262 266
3 266 262 267
3 262 263 267
3 267 263 268
3 263 264 268
3 268 264 269
3 264 265 269
3 269 265 270
3 265 32 270
3 270 32 33
3 8 266 9
3 9 266 271
3 266 267 271
3 271 267 272
3 267 268 272
3 272 268 273
3 268 269 273
3 273 269 274
3 269 270 274
3 274 270 275
3 270 33 275
3 275 33 34
3 9 271 10
3 10 271 276
3 271 272 276
3 276 272 277
3 272 273 277
3 277 273 278
3 273 274 278
3 278 274 279
3 274 275 279
3 279 275 280
3 275 34 280
3 280 34 35
3 10 276 11
3 11 276 281
3 276 277 281
3 281 277 282
3 277 278 282
3 282 278 283
3 278 279 283
3 283 279 284
3 279 280 284
3 284 280 285
3 280 35 285
3 285 35 36
3 11 281 12
3 12 281 286
3 281 282 286
3 286 282 287
3 282 283 287
3 287 283 288
3 283 284 288
3 288 284 289
3 284 285 289
3 289 285 290
3 285 36 290
3 290 36 37
3 12 286 13
3 13 286 291
3 286 287 291
3 291 287 292
3 287 288 292
3 292 288 293
3 288 289 293
3 293 289 294
3 289 290 294
3 294 290 295
3 290 37 295
3 295 37 38
3 13 291 14
3 14 291 296
3 291 292 296
3 296 292 297
3 292 293 297
3 297 293 298
3 293 294 298
3 298 294 299
3 294 295 299
3 299 295 300
3 295 38 300
3 300 38 39
3 14 296 15
3 15 296 301
3 296 297 301
3 301 297 302
3 297 298 302
3 302 298 303
3 298 299 303
3 303 299 304
3 299 300 304
3 304 300 305
3 300 39 305
3 305 39 40
3 15 301 16
3 16 301 306
3 301 302 306
3 306 302 307
3 302 303 307
3 307 303 308
3 303 304 308
3 308 304 309
3 304 305 309
3 309 305 310
3 305 40 310
3 310 40 41
3 16 306 17
3 17 306 311
3 306 307 311
3 311 307 312
3 307 308 312
3 312 308 313
3 308 309 313
3 313 309 314
3 309 310 314
3 314 310 315
3 310 41 315
3 315 41 42
3 17 311 18
3 18 311 316
3 311 312 316
3 316 312 317
3 312 313 317
3 317 313 318
3 313 314 318
3 318 314 319
3 314 315 319
3 319 315 320
3 315 42 320
3 320 42 43
3 18 316 19
3 19 316 321
3 316 317 321
3 321 317 322
3 317 318 322
3 322 318 323
3 318 319 323
3 323 319 324
3 319 320 324
3 324 320 325
3 320 43 325
3 325 43 44
3 19 321 20
3 20 321 326
3 321 322 326
3 326 322 327
3 322 323 327
3 327 323 328
3 323 324 328
3 328 324 329
3 324 325 329
3 329 325 330
3 325 44 330
3 330 44 45
3 20 326 21
3 21 326 331
3 326 327 331
3 331 327 332
3 327 328 332
3 332 328 333
3 328 329 333
3 333 329 334
3 329 330 334
3 334 330 335
3 330 45 335
3 335 45 46
3 21 331 22
3 22 331 336
3 331 332 336
3 336 332 337
3 332 333 337
3 337 333 338
3 333 334 338
3 338 334 339
3 334 335 339
3 339 335 340
3 335 46 340
3 340 46 47
3 22 336 23
3 23 336 341
3 336 337 341
3 341 337 342
3 337 338 342
3 342 338 343
3 338 339 343
3 343 339 344
3 339 340 344
3 344 340 345
3 340 47 345
3 345 47 48
3 23 341 24
3 24 341 346
3 341 342 346
3 346 342 347
3 342 343 347
3 347 343 348
3 343 344 348
3 348 344 349
3 344 345 349
3 349 345 350
3 345 48 350
3 350 48 49
3 24 346 0
3 0 346 226
3 346 347 226
3 226 347 227
3 347 348 227
3 227 348 228
3 348 349 228
3 228 349 229
3 349 350 229
3 229 350 230
3 350 49 230
3 230 49 25
4 25 351 26
4 26 351 359
4 351 352 359
4 359 352 360
4 352 353 360
4 360 353 361
4 353 354 361
4 361 354 362
4 354 355 362
4 362 355 363
4 355 356 363
4 363 356 364
4 356 357 364
4 364 357 365
4 357 358 365
4 365 358 366
4 358 50 366
4 366 50 51
4 26 359 27
4 27 359 367
4 359 360 367
4 367 360 368
4 360 361 368
4 368 361 369
4 361 362 369
4 369 362 370
4 362 363 370
4 370 363 371
4 363 364 371
4 371 364 372
4 364 365 372
4 372 365 373
4 365 366 373
4 373 366 374
4 366 51 374
4 374 51 52
4 27 367 28
4 28 367 375
4 367 368 375
4 375 368 376
4 368 369 376
4 376 369 377
4 369 370 377
4 377 370 378
4 370 371 378
4 378 371 379
4 371 372 379
4 379 372 380
4 372 373 380
4 380 373 381
4 373 374 381
4 381 374 382
4 374 52 382
4 382 52 53
4 28 375 29
4 29 375 383
4 375 376 383
4 383 376 384
4 376 377 384
4 384 377 385
4 377 378 385
4 385 378 386
4 378 379 386
4 386 379 387
4 379 380 387
4 387 380 388
4 380 381 388
4 388 381 389
4 381 382 389
4 389 382 390
4 382 53 390
4 390 53 54
4 29 383 30
4 30 383 391
4 383 384 391
4 391 384 392
4 384 385 392
4 392 385 393
4 385 386 393
4 393 386 394
4 386 387 394
4 394 387 395
4 387 388 395
4 395 388 396
4 388 389 396
4 396 389 397
4 389 390 397
4 397 390 398
4 390 54 398
4 398 54 55
4 30 391 31
4 31 391 399
4 391 392 399
4 399 392 400
4 392 393 400
4 400 393 401
4 393 394 401
4 401 394 402
4 394 395 402
4 402 395 403
4 395 396 403
4 403 396 404
4 396 397 404
4 404 397 405
4 397 398 405
4 405 398 406
4 398 55 406
4 406 55 56
4 31 399 32
4 32 399 407
4 399 400 407
4 407 400 408
4 400 401 408
4 408 401 409
4 401 402 409
4 409 402 410
4 402 403 410
4 410 403 411
4 403 404 411
4 411 404 412
4 404 405 412
4 412 405 413
4 405 406 413
4 413 406 414
4 406 56 414
4 414 56 57
4 32 407 33
4 33 407 415
4 407 408 415
4 415 408 416
4 408 409 416
4 416 409 417
4 409 410 417
4 417 410 418
4 410 411 418
4 418 411 419
4 411 412 419
4 419 412 420
4 412 413 420
4 420 413 421
4 413 414 421
4 421 414 422
4 414 57 422
4 422 57 58
4 33 415 34
4 34 415 423
4 415 416 423
4 423 416 424
4 416 417 424
4 424 417 425
4 417 418 425
4 425 418 426
4 418 419 426
4 426 419 427
4 419 420 427
4 427 420 428
4 420 421 428
4 428 421 429
4 421 422 429
4 429 422 430
4 422 58 430
4 430 58 59
4 34 423 35
4 35 423 431
4 423 424 431
4 431 424 432
4 424 425 432
4 432 425 433
4 425 426 433
4 433 426 434
4 426 427 434
4 434 427 435
4 427 428 435
4 435 428 436
4 428 429 436
4 436 429 437
4 429 430 437
4 437 430 438
4 430 59 438
4 438 59 60
4 35 431 36
4 36 431 439
4 431 432 439
4 439 432 440
4 432 433 440
4 440 433 441
4 433 434 441
4 441 434 442
4 434 435 442
4 442 435 443
4 435 436 443
4 443 436 444
4 436 437 444
4 444 437 445
4 437 438 445
4 445 438 446
4 438 60 446
4 446 60 61
4 36 439 37
4 37 439 447
4 439 440 447
4 447 440 448
4 440 441 448
4 448 441 449
4 441 442 449
4 449 442 450
4 442 443 450
4 450 443 451
4 443 444 451
4 451 444 452
4 444 445 452
4 452 445 453
4 445 446 453
4 453 446 454
4 446 61 454
4 454 61 62
4 37 447 38
4 38 447 455
4 447 448 455
4 455 448 456
4 448 449 456
4 456 449 457
4 449 450 457
4 457 450 458
4 450 451 458
4 458 451 459
4 451 452 459
4 459 452 460
4 452 453 460
4 460 453 461
4 453 454 461
4 461 454 462
4 454 62 462
4 462 62 63
4 38 455 39
4 39 455 463
4 455 456 463
4 463 456 464
4 456 457 464
4 464 457 465
4 457 458 465
4 465 458 466
4 458 459 466
4 466 459 467
4 459 460 467
4 467 460 468
4 460 461 468
4 468 461 469
4 461 462 469
4 469 462 470
4 462 63 470
4 470 63 64
4 39 463 40
4 40 463 471
4 463 464 471
4 471 464 472
4 464 465 472
4 472 465 473
4 465 466 473
4 473 466 474
4 466 467 474
4 474 467 475
4 467 468 475
4 475 468 476
4 468 469 476
4 476 469 477
4 469 470 477
4 477 470 478
4 470 64 478
4 478 64 65
4 40 471 41
4 41 471 479
4 471 472 479
4 479 472 480
4 472 473 480
4 480 473 481
4 473 474 481
4 481 474 482
4 474 475 482
4 482 475 483
4 475 476 483
4 483 476 484
4 476 477 484
4 484 477 485
4 477 478 485
4 485 478 486
4 478 65 486
4 486 65 66
4 41 479 42
4 42 479 487
4 479 480 487
4 487 480 488
4 480 481 488
4 488 481 489
4 481 482 489
4 489 482 490
4 482 483 490
4 490 483 491
4 483 484 491
4 491 484 492
4 484 485 492
4 492 485 493
4 485 486 493
4 493 486 494
4 486 66 494
4 494 66 67
4 42 487 43
4 43 487 495
4 487 488 495
4 495 488 496
4 488 489 496
4 496 489 497
4 489 490 497
4 497 490 498
4 490 491 498
4 498 491 499
4 491 492 499
4 499 492 500
4 492 493 500
4 500 493 501
4 493 494 501
4 501 494 502
4 494 67 502
4 502 67 68
4 43 495 44
4 44 495 503
4 495 496 503
4 503 496 504
4 496 497 504
4 504 497 505
4 497 498 505
4 505 498 506
4 498 499 506
4 506 499 507
4 499 500 507
4 507 500 508
4 500 501 508
4 508 501 509
4 501 502 509
4 509 502 510
4 502 68 510
4 510 68 69
4 44 503 45
4 45 503 511
4 503 504 511
4 511 504 512
4 504 505 512
4 512 505 513
4 505 506 513
4 513 506 514
4 506 507 514
4 514 507 515
4 507 508 515
4 515 508 516
4 508 509 516
4 516 509 517
4 509 510 517
4 517 510 518
4 510 69 518
4 518 69 70
4 45 511 46
4 46 511 519
4 511 512 519
4 519 512 520
4 512 513 520
4 520 513 521
4 513 514 521
4 521 514 522
4 514 515 522
4 522 515 523
4 515 516 523
4 523 516 524
4 516 517 524
4 524 517 525
4 517 518 525
4 525 518 526
4 518 70 526
4 526 70 71
4 46 519 47
4 47 519 527
4 519 520 527
4 527 520 528
4 520 521 528
4 528 521 529
4 521 522 529
4 529 522 530
4 522 523 530
4 530 523 531
4 523 524 531
4 531 524 532
4 524 525 532
4 532 525 533
4 525 526 533
4 533 526 534
4 526 71 534
4 534 71 72
4 47 527 48
4 48 527 535
4 527 528 535
4 535 528 536
4 528 529 536
4 536 529 537
4 529 530 537
4 537 530 538
4 530 531 538
4 538 531 539
4 531 532 539
4 539 532 540
4 532 533 540
4 540 533 541
4 533 534 541
4 541 534 542
4 534 72 542
4 542 72 73
4 48 535 49
4 49 535 543
4 535 536 543
4 543 536 544
4 536 537 544
4 544 537 545
4 537 538 545
4 545 538 546
4 538 539 546
4 546 539 547
4 539 540 547
4 547 540 548
4 540 541 548
4 548 541 549
4 541 542 549
4 549 542 550
4 542 73 550
4 550 73 74
4 49 543 25
4 25 543 351
4 543 544 351
4 351 544 352
4 544 545 352
4 352 545 353
4 545 546 353
4 353 546 354
4 546 547 354
4 354 547 355
4 547 548 355
4 355 548 356
4 548 549 356
4 356 549 357
4 549 550 357
4 357 550 358
4 550 74 358
4 358 74 50
7 50 551 51
7 51 551 559
7 551 552 559
7 559 552 560
7 552 553 560
7 560 553 561
7 553 554 561
7 561 554 562
7 554 555 562
7 562 555 563
7 555 556 563
7 563 556 564
7 556 557 564
7 564 557 565
7 557 558 565
7 565 558 566
7 558 75 566
7 566 75 76
7 51 559 52
7 52 559 567
7 559 560 567
7 567 560 568
7 560 561 568
7 568 561 569
7 561 562 569
7 569 562 570
7 562 563 570
7 570 563 571
7 563 564 571
7 571 564 572
7 564 565 572
7 572 565 573
7 565 566 573
7 573 566 574
7 566 76 574
7 574 76 77
8 52 567 53
8 53 567 575
8 567 568 575
8 575 568 576
8 568 569 576
8 576 569 577
8 569 570 577
8 577 570 578
8 570 571 578
8 578 571 579
8 571 572 579
8 579 572 580
8 572 573 580
8 580 573 581
8 573 574 581
8 581 574 582
8 574 77 582
8 582 77 78
5 53 575 54
5 54 575 583
5 575 576 583
5 583 576 584
5 576 577 584
5 584 577 585
5 577 578 585
5 585 578 586
5 578 579 586
5 586 579 587
5 579 580 587
5 587 580 588
5 580 581 588
5 588 581 589
5 581 582 589
5 589 582 590
5 582 78 590
5 590 78 79
5 54 583 55
5 55 583 591
5 583 584 591
5 591 584 592
5 584 585 592
5 592 585 593
5 585 586 593
5 593 586 594
5 586 587 594
5 594 587 595
5 587 588 595
5 595 588 596
5 588 589 596
5 596 589 597
5 589 590 597
5 597 590 598
5 590 79 598
5 598 79 80
6 55 591 56
6 56 591 599
6 591 592 599
6 599 592 600
6 592 593 600
6 600 593 601
6 593 594 601
6 601 594 602
6 594 595 602
6 602 595 603
6 595 596 603
6 603 596 604
6 596 597 604
6 604 597 605
6 597 598 605
6 605 598 606
6 598 80 606
6 606 80 81
5 56 599 57
5 57 599 607
5 599 600 607
5 607 600 608
5 600 601 608
5 608 601 609
5 601 602 609
5 609 602 610
5 602 603 610
5 610 603 611
5 603 604 611
5 611 604 612
5 604 605 612
5 612 605 613
5 605 606 613
5 613 606 614
5 606 81 614
5 614 81 82
5 57 607 58
5 58 607 615
5 607 608 615
5 615 608 616
5 608 609 616
5 616 609 617
5 609 610 617
5 617 610 618
5 610 611 618
5 618 611 619
5 611 612 619
5 619 612 620
5 612 613 620
5 620 613 621
5 613 614 621
5 621 614 622
5 614 82 622
5 622 82 83
8 58 615 59
8 59 615 623
8 615 616 623
8 623 616 624
8 616 617 624
8 624 617 625
8 617 618 625
8 625 618 626
8 618 619 626
8 626 619 627
8 619 620 627
8 627 620 628
8 620 621 628
8 628 621 629
8 621 622 629
8 629 622 630
8 622 83 630
8 630 83 84
8 59 623 60
8 60 623 631
8 623 624 631
8 631 624 632
8 624 625 632
8 632 625 633
8 625 626 633
8 633 626 634
8 626 627 634
8 634 627 635
8 627 628 635
8 635 628 636
8 628 629 636
8 636 629 637
8 629 630 637
8 637 630 638
8 630 84 638
8 638 84 85
8 60 631 61
8 61 631 639
8 631 632 639
8 639 632 640
8 632 633 640
8 640 633 641
8 633 634 641
8 641 634 642
8 634 635 642
8 642 635 643
8 635 636 643
8 643 636 644
8 636 637 644
8 644 637 645
8 637 638 645
8 645 638 646
8 638 85 646
8 646 85 86
9 61 639 62
9 62 639 647
9 639 640 647
9 647 640 648
9 640 641 648
9 648 641 649
9 641 642 649
9 649 642 650
9 642 643 650
9 650 643 651
9 643 644 651
9 651 644 652
9 644 645 652
9 652 645 653
9 645 646 653
9 653 646 654
9 646 86 654
9 654 86 87
9 62 647 63
9 63 647 655
9 647 648 655
9 655 648 656
9 648 649 656
9 656 649 657
9 649 650 657
9 657 650 658
9 650 651 658
9 658 651 659
9 651 652 659
9 659 652 660
9 652 653 660
9 660 653 661
9 653 654 661
9 661 654 662
9 654 87 662
9 662 87 88
9 63 655 64
9 64 655 663
9 655 656 663
9 663 656 664
9 656 657 664
9 664 657 665
9 657 658 665
9 665 658 666
9 658 659 666
9 666 659 667
9 659 660 667
9 667 660 668
9 660 661 668
9 668 661 669
9 661 662 669
9 669 662 670
9 662 88 670
9 670 88 89
9 64 663 65
9 65 663 671
9 663 664 671
9 671 664 672
9 664 665 672
9 672 665 673
9 665 666 673
9 673 666 674
9 666 667 674
9 674 667 675
9 667 668 675
9 675 668 676
9 668 669 676
9 676 669 677
9 669 670 677
9 677 670 678
9 670 89 678
9 678 89 90
8 65 671 66
8 66 671 679
8 671 672 679
8 679 672 680
8 672 673 680
8 680 673 681
8 673 674 681
8 681 674 682
8 674 675 682
8 682 675 683
8 675 676 683
8 683 676 684
8 676 677 684
8 684 677 685
8 677 678 685
8 685 678 686
8 678 90 686
8 686 90 91
5 66 679 67
5 67 679 687
5 679 680 687
5 687 680 688
5 680 681 688
5 688 681 689
5 681 682 689
5 689 682 690
5 682 683 690
5 690 683 691
5 683 684 691
5 691 684 692
5 684 685 692
5 692 685 693
5 685 686 693
5 693 686 694
5 686 91 694
5 694 91 92
5 67 687 68
5 68 687 695
5 687 688 695
5 695 688 696
5 688 689 696
5 696 689 697
5 689 690 697
5 697 690 698
5 690 691 698
5 698 691 699
5 691 692 699
5 699 692 700
5 692 693 700
5 700 693 701
5 693 694 701
5 701 694 702
5 694 92 702
5 702 92 93
6 68 695 69
6 69 695 703
6 695 696 703
6 703 696 704
6 696 697 704
6 704 697 705
6 697 698 705
6 705 698 706
6 698 699 706
6 706 699 707
6 699 700 707
6 707 700 708
6 700 701 708
6 708 701 709
6 701 702 709
6 709 702 710
6 702 93 710
6 710 93 94
5 69 703 70
5 70 703 711
5 703 704 711
5 711 704 712
5 704 705 712
5 712 705 713
5 705 706 713
5 713 706 714
5 706 707 714
5 714 707 715
5 707 708 715
5 715 708 716
5 708 709 716
5 716 709 717
5 709 710 717
5 717 710 718
5 710 94 718
5 718 94 95
5 70 711 71
5 71 711 719
5 711 712 719
5 719 712 720
5 712 713 720
5 720 713 721
5 713 714 721
5 721 714 722
5 714 715 722
5 722 715 723
5 715 716 723
5 723 716 724
5 716 717 724
5 724 717 725
5 717 718 725
5 725 718 726
5 718 95 726
5 726 95 96
8 71 719 72
8 72 719 727
8 719 720 727
8 727 720 728
8 720 721 728
8 728 721 729
8 721 722 729
8 729 722 730
8 722 723 730
8 730 723 731
8 723 724 731
8 731 724 732
8 724 725 732
8 732 725 733
8 725 726 733
8 733 726 734
8 726 96 734
8 734 96 97
8 72 727 73
8 73 727 735
8 727 728 735
8 735 728 736
8 728 729 736
8 736 729 737
8 729 730 737
8 737 730 738
8 730 731 738
8 738 731 739
8 731 732 739
8 739 732 740
8 732 733 740
8 740 733 741
8 733 734 741
8 741 734 742
8 734 97 742
8 742 97 98
7 73 735 74
7 74 735 743
7 735 736 743
7 743 736 744
7 736 737 744
7 744 737 745
7 737 738 745
7 745 738 746
7 738 739 746
7 746 739 747
7 739 740 747
7 747 740 748
7 740 741 748
7 748 741 749
7 741 742 749
7 749 742 750
7 742 98 750
7 750 98 99
7 74 743 50
7 50 743 551
7 743 744 551
7 551 744 552
7 744 745 552
7 552 745 553
7 745 746 553
7 553 746 554
7 746 747 554
7 554 747 555
7 747 748 555
7 555 748 556
7 748 749 556
7 556 749 557
7 749 750 557
7 557 750 558
7 750 99 558
7 558 99 75
7 75 751 76
7 76 751 759
7 751 752 759
7 759 752 760
7 752 753 760
7 760 753 761
7 753 754 761
7 761 754 762
7 754 755 762
7 762 755 763
7 755 756 763
7 763 756 764
7 756 757 764
7 764 757 765
7 757 758 765
7 765 758 766
7 758 100 766
7 766 100 101
7 76 759 77
7 77 759 767
7 759 760 767
7 767 760 768
7 760 761 768
7 768 761 769
7 761 762 769
7 769 762 770
7 762 763 770
7 770 763 771
7 763 764 771
7 771 764 772
7 764 765 772
7 772 765 773
7 765 766 773
7 773 766 774
7 766 101 774
7 774 101 102
8 77 767 78
8 78 767 775
8 767 768 775
8 775 768 776
8 768 769 776
8 776 769 777
8 769 770 777
8 777 770 778
8 770 771 778
8 778 771 779
8 771 772 779
8 779 772 780
8 772 773 780
8 780 773 781
8 773 774 781
8 781 774 782
8 774 102 782
8 782 102 103
5 78 775 79
5 79 775 783
5 775 776 783
5 783 776 784
5 776 777 784
5 784 777 785
5 777 778 785
5 785 778 786
5 778 779 786
5 786 779 787
5 779 780 787
5 787 780 788
5 780 781 788
5 788 781 789
5 781 782 789
5 789 782 790
5 782 103 790
5 790 103 104
5 79 783 80
5 80 783 791
5 783 784 791
5 791 784 792
5 784 785 792
5 792 785 793
5 785 786 793
5 793 786 794
5 786 787 794
5 794 787 795
5 787 788 795
5 795 788 796
5 788 789 796
5 796 789 797
5 789 790 797
5 797 790 798
5 790 104 798
5 798 104 105
6 80 791 81
6 81 791 799
6 791 792 799
6 799 792 800
6 792 793 800
6 800 793 801
6 793 794 801
6 801 794 802
6 794 795 802
6 802 795 803
6 795 796 803
6 803 796 804
6 796 797 804
6 804 797 805
6 797 798 805
6 805 798 806
6 798 105 806
6 806 105 106
5 81 799 82
5 82 799 807
5 799 800 807
5 807 800 808
5 800 801 808
5 808 801 809
5 801 802 809
5 809 802 810
5 802 803 810
5 810 803 811
5 803 804 811
5 811 804 812
5 804 805 812
5 812 805 813
5 805 806 813
5 813 806 814
5 806 106 814
5 814 106 107
5 82 807 83
5 83 807 815
5 807 808 815
5 815 808 816
5 808 809 816
5 816 809 817
5 809 810 817
5 817 810 818
5 810 811 818
5 818 811 819
5 811 812 819
5 819 812 820
5 812 813 820
5 820 813 821
5 813 814 821
5 821 814 822
5 814 107 822
5 822 107 108
8 83 815 84
8 84 815 823
8 815 816 823
8 823 816 824
8 816 817 824
8 824 817 825
8 817 818 825
8 825 818 826
8 818 819 826
8 826 819 827
8 819 820 827
8 827 820 828
8 820 821 828
8 828 821 829
8 821 822 829
8 829 822 830
8 822 108 830
8 830 108 109
8 84 823 85
8 85 823 831
8 823 824 831
8 831 824 832
8 824 825 832
8 832 825 833
8 825 826 833
8 833 826 834
8 826 827 834
8 834 827 835
8 827 828 835
8 835 828 836
8 828 829 836
8 836 829 837
8 829 830 837
8 837 830 838
8 830 109 838
8 838 109 110
8 85 831 86
8 86 831 839
8 831 832 839
8 839 832 840
8 832 833 840
8 840 833 841
8 833 834 841
8 841 834 842
8 834 835 842
8 842 835 843
8 835 836 843
8 843 836 844
8 836 837 844
8 844 837 845
8 837 838 845
8 845 838 846
8 838 110 846
8 846 110 111
9 86 839 87
9 87 839 847
9 839 840 847
9 847 840 848
9 840 841 848
9 848 841 849
9 841 842 849
9 849 842 850
9 842 843 850
9 850 843 851
9 843 844 851
9 851 844 852
9 844 845 852
9 852 845 853
9 845 846 853
9 853 846 854
9 846 111 854
9 854 111 112
9 87 847 88
9 88 847 855
9 847 848 855
9 855 848 856
9 848 849 856
9 856 849 857
9 849 850 857
9 857 850 858
9 850 851 858
9 858 851 859
9 851 852 859
9 859 852 860
9 852 853 860
9 860 853 861
9 853 854 861
9 861 854 862
9 854 112 862
9 862 112 113
9 88 855 89
9 89 855 863
9 855 856 863
9 863 856 864
9 856 857 864
9 864 857 865
9 857 858 865
9 865 858 866
9 858 859 866
9 866 859 867
9 859 860 867
9 867 860 868
9 860 861 868
9 868 861 869
9 861 862 869
9 869 862 870
9 862 113 870
9 870 113 114
9 89 863 90
9 90 863 871
9 863 864 871
9 871 864 872
9 864 865 872
9 872 865 873
9 865 866 873
9 873 866 874
9 866 867 874
9 874 867 875
9 867 868 875
9 875 868 876
9 868 869 876
9 876 869 877
9 869 870 877
9 877 870 878
9 870 114 878
9 878 114 115
8 90 871 91
8 91 871 879
8 871 872 879
8 879 872 880
8 872 873 880
8 880 873 881
8 873 874 881
8 881 874 882
8 874 875 882
8 882 875 883
8 875 876 883
8 883 876 884
8 876 877 884
8 884 877 885
8 877 878 885
8 885 878 886
8 878 115 886
8 886 115 116
5 91 879 92
5 92 879 887
5 879 880 887
5 887 880 888
5 880 881 888
5 888 881 889
5 881 882 889
5 889 882 890
5 882 883 890
5 890 883 891
5 883 884 891
5 891 884 892
5 884 885 892
5 892 885 893
5 885 886 893
5 893 886 894
5 886 116 894
5 894 116 117
5 92 887 93
5 93 887 895
5 887 888 895
5 895 888 896
5 888 889 896
5 896 889 897
5 889 890 897
5 897 890 898
5 890 891 898
5 898 891 899
5 891 892 899
5 899 892 900
5 892 893 900
5 900 893 901
5 893 894 901
5 901 894 902
5 894 117 902
5 902 117 118
6 93 895 94
6 94 895 903
6 895 896 903
6 903 896 904
6 896 897 904
6 904 897 905
6 897 898 905
6 905 898 906
6 898 899 906
6 906 899 907
6 899 900 907
6 907 900 908
6 900 901 908
6 908 901 909
6 901 902 909
6 909 902 910
6 902 118 910
6 910 118 119
5 94 903 95
5 95 903 911
5 903 904 911
5 911 904 912
5 904 905 912
5 912 905 913
5 905 906 913
5 913 906 914
5 906 907 914
5 914 907 915
5 907 908 915
5 915 908 916
5 908 909 916
5 916 909 917
5 909 910 917
5 917 910 918
5 910 119 918
5 918 119 120
5 95 911 96
5 96 911 919
5 911 912 919
5 919 912 920
5 912 913 920
5 920 913 921
5 913 914 921
5 921 914 922
5 914 915 922
5 922 915 923
5 915 916 923
5 923 916 924
5 916 917 924
5 924 917 925
5 917 918 925
5 925 918 926
5 918 120 926
5 926 120 121
8 96 919 97
8 97 919 927
8 919 920 927
8 927 920 928
8 920 921 928
8 928 921 929
8 921 922 929
8 929 922 930
8 922 923 930
8 930 923 931
8 923 924 931
8 931 924 932
8 924 925 932
8 932 925 933
8 925 926 933
8 933 926 934
8 926 121 934
8 934 121 122
8 97 927 98
8 98 927 935
8 927 928 935
8 935 928 936
8 928 929 936
8 936 929 937
8 929 930 937
8 937 930 938
8 930 931 938
8 938 931 939
8 931 932 939
8 939 932 940
8 932 933 940
8 940 933 941
8 933 934 941
8 941 934 942
8 934 122 942
8 942 122 123
7 98 935 99
7 99 935 943
7 935 936 943
7 943 936 944
7 936 937 944
7 944 937 945
7 937 938 945
7 945 938 946
7 938 939 946
7 946 939 947
7 939 940 947
7 947 940 948
7 940 941 948
7 948 941 949
7 941 942 949
7 949 942 950
7 942 123 950
7 950 123 124
7 99 943 75
7 75 943 751
7 943 944 751
7 751 944 752
7 944 945 752
7 752 945 753
7 945 946 753
7 753 946 754
7 946 947 754
7 754 947 755
7 947 948 755
7 755 948 756
7 948 949 756
7 756 949 757
7 949 950 757
7 757 950 758
7 950 124 758
7 758 124 100
7 100 951 101
7 101 951 959
7 951 952 959
7 959 952 960
7 952 953 960
7 960 953 961
7 953 954 961
7 961 954 962
7 954 955 962
7 962 955 963
7 955 956 963
7 963 956 964
7 956 957 964
7 964 957 965
7 957 958 965
7 965 958 966
7 958 125 966
7 966 125 126
7 101 959 102
7 102 959 967
7 959 960 967
7 967 960 968
7 960 961 968
7 968 961 969
7 961 962 969
7 969 962 970
7 962 963 970
7 970 963 971
7 963 964 971
7 971 964 972
7 964 965 972
7 972 965 973
7 965 966 973
7 973 966 974
7 966 126 974
7 974 126 127
8 102 967 103
8 103 967 975
8 967 968 975
8 975 968 976
8 968 969 976
8 976 969 977
8 969 970 977
8 977 970 978
8 970 971 978
8 978 971 979
8 971 972 979
8 979 972 980
8 972 973 980
8 980 973 981
8 973 974 981
8 981 974 982
8 974 127 982
8 982 127 128
5 103 975 104
5 104 975 983
5 975 976 983
5 983 976 984
5 976 977 984
5 984 977 985
5 977 978 985
5 985 978 986
5 978 979 986
5 986 979 987
5 979 980 987
5 987 980 988
5 980 981 988
5 988 981 989
5 981 982 989
5 989 982 990
5 982 128 990
5 990 128 129
5 104 983 105
5 105 983 991
5 983 984 991
5 991 984 992
5 984 985 992
5 992 985 993
5 985 986 993
5 993 986 994
5 986 987 994
5 994 987 995
5 987 988 995
5 995 988 996
5 988 989 996
5 996 989 997
5 989 990 997
5 997 990 998
5 990 129 998
5 998 129 130
6 105 991 106
6 106 991 999
6 991 992 999
6 999 992 1000
6 992 993 1000
6 1000 993 1001
6 993 994 1001
6 1001 994 1002
6 994 995 1002
6 1002 995 1003
6 995 996 1003
6 1003 996 1004
6 996 997 1004
6 1004 997 1005
6 997 998 1005
6 1005 998 1006
6 998 130 1006
6 1006 130 131
5 106 999 107
5 107 999 1007
5 999 1000 1007
5 1007 1000 1008
5 1000 1001 1008
5 1008 1001 1009
5 1001 1002 1009
5 1009 1002 1010
5 1002 1003 1010
5 1010 1003 1011
5 1003 1004 1011
5 1011 1004 1012
5 1004 1005 1012
5 1012 1005 1013
5 1005 1006 1013
5 1013 1006 1014
5 1006 131 1014
5 1014 131 132
5 107 1007 108
5 108 1007 1015
5 1007 1008 1015
5 1015 1008 1016
5 1008 1009 1016
5 1016 1009 1017
5 1009 1010 1017
5 1017 1010 1018
5 1010 1011 1018
5 1018 1011 1019
5 1011 1012 1019
5 1019 1012 1020
5 1012 1013 1020
5 1020 1013 1021
5 1013 1014 1021
5 1021 1014 1022
5 1014 132 1022
5 1022 132 133
8 108 1015 109
8 109 1015 1023
8 1015 1016 1023
8 1023 1016 1024
8 1016 1017 1024
8 1024 1017 1025
8 1017 1018 1025
8 1025 1018 1026
8 1018 1019 1026
8 1026 1019 1027
8 1019 1020 1027
8 1027 1020 1028
8 1020 1021 1028
8 1028 1021 1029
8 1021 1022 1029
8 1029 1022 1030
8 1022 133 1030
8 1030 133 134
8 109 1023 110
8 110 1023 1031
8 1023 1024 1031
8 1031 1024 1032
8 1024 1025 1032
8 1032 1025 1033
8 1025 1026 1033
8 1033 1026 1034
8 1026 1027 1034
8 1034 1027 1035
8 1027 1028 1035
8 1035 1028 1036
8 1028 1029 1036
8 1036 1029 1037
8 1029 1030 1037
8 1037 1030 1038
8 1030 134 1038
8 1038 134 135
8 110 1031 111
8 111 1031 1039
8 1031 1032 1039
8 1039 1032 1040
8 1032 1033 1040
8 1040 1033 1041
8 1033 1034 1041
8 1041 1034 1042
8 1034 1035 1042
8 1042 1035 1043
8 1035 1036 1043
8 1043 1036 1044
8 1036 1037 1044
8 1044 1037 1045
8 1037 1038 1045
8 1045 1038 1046
8 1038 135 1046
8 1046 135 136
9 111 1039 112
9 112 1039 1047
9 1039 1040 1047
9 1047 1040 1048
9 1040 1041 1048
9 1048 1041 1049
9 1041 1042 1049
9 1049 1042 1050
9 1042 1043 1050
9 1050 1043 1051
9 1043 1044 1051
9 1051 1044 1052
9 1044 1045 1052
9 1052 1045 1053
9 1045 1046 1053
9 1053 1046 1054
9 1046 136 1054
9 1054 136 137
9 112 1047 113
9 113 1047 1055
9 1047 1048 1055
9 1055 1048 1056
9 1048 1049 1056
9 1056 1049 1057
9 1049 1050 1057
9 1057 1050 1058
9 1050 1051 1058
9 1058 1051 1059
9 1051 1052 1059
9 1059 1052 1060
9 1052 1053 1060
9 1060 1053 1061
9 1053 1054 1061
9 1061 1054 1062
9 1054 137 1062
9 1062 137 138
9 113 1055 114
9 114 1055 1063
9 1055 1056 1063
9 1063 1056 1064
9 1056 1057 1064
9 1064 1057 1065
9 1057 1058 1065
9 1065 1058 1066
9 1058 1059 1066
9 1066 1059 1067
9 1059 1060 1067
9 1067 1060 1068
9 1060 1061 1068
9 1068 1061 1069
9 1061 1062 1069
9 1069 1062 1070
9 1062 138 1070
9 1070 138 139
9 114 1063 115
9 115 1063 1071
9 1063 1064 1071
9 1071 1064 1072
9 1064 1065 1072
9 1072 1065 1073
9 1065 1066 1073
9 1073 1066 1074
9 1066 1067 1074
9 1074 1067 1075
9 1067 1068 1075
9 1075 1068 1076
9 1068 1069 1076
9 1076 1069 1077
9 1069 1070 1077
9 1077 1070 1078
9 1070 139 1078
9 1078 139 140
8 115 1071 116
8 116 1071 1079
8 1071 1072 1079
8 1079 1072 1080
8 1072 1073 1080
8 1080 1073 1081
8 1073 1074 1081
8 1081 1074 1082
8 1074 1075 1082
8 1082 1075 1083
8 1075 1076 1083
8 1083 1076 1084
8 1076 1077 1084
8 1084 1077 1085
8 1077 1078 1085
8 1085 1078 1086
8 1078 140 1086
8 1086 140 141
5 116 1079 117
5 117 1079 1087
5 1079 1080 1087
5 1087 1080 1088
5 1080 1081 1088
5 1088 1081 1089
5 1081 1082 1089
5 1089 1082 1090
5 1082 1083 1090
5 1090 1083 1091
5 1083 1084 1091
5 1091 1084 1092
5 1084 1085 1092
5 1092 1085 1093
5 1085 1086 1093
5 1093 1086 1094
5 1086 141 1094
5 1094 141 142
5 117 1087 118
5 118 1087 1095
5 1087 1088 1095
5 1095 1088 1096
5 1088 1089 1096
5 1096 1089 1097
5 1089 1090 1097
5 1097 1090 1098
5 1090 1091 1098
5 1098 1091 1099
5 1091 1092 1099
5 1099 1092 1100
5 1092 1093 1100
5 1100 1093 1101
5 1093 1094 1101
5 1101 1094 1102
5 1094 142 1102
5 1102 142 143
6 118 1095 119
6 119 1095 1103
6 1095 1096 1103
6 1103 1096 1104
6 1096 1097 1104
6 1104 1097 1105
6 1097 1098 1105
6 1105 1098 1106
6 1098 1099 1106
6 1106 1099 1107
6 1099 1100 1107
6 1107 1100 1108
6 1100 1101 1108
6 1108 1101 1109
6 1101 1102 1109
6 1109 1102 1110
6 1102 143 1110
6 1110 143 144
5 119 1103 120
5 120 1103 1111
5 1103 1104 1111
5 1111 1104 1112
5 1104 1105 1112
5 1112 1105 1113
5 1105 1106 1113
5 1113 1106 1114
5 1106 1107 1114
5 1114 1107 1115
5 1107 1108 1115
5 1115 1108 1116
5 1108 1109 1116
5 1116 1109 1117
5 1109 1110 1117
5 1117 1110 1118
5 1110 144 1118
5 1118 144 145
5 120 1111 121
5 121 1111 1119
5 1111 1112 1119
5 1119 1112 1120
5 1112 1113 1120
5 1120 1113 1121
5 1113 1114 1121
5 1121 1114 1122
5 1114 1115 1122
5 1122 1115 1123
5 1115 1116 1123
5 1123 1116 1124
5 1116 1117 1124
5 1124 1117 1125
5 1117 1118 1125
5 1125 1118 1126
5 1118 145 1126
5 1126 145 146
8 121 1119 122
8 122 1119 1127
8 1119 1120 1127
8 1127 1120 1128
8 1120 1121 1128
8 1128 1121 1129
8 1121 1122 1129
8 1129 1122 1130
8 1122 1123 1130
8 1130 1123 1131
8 1123 1124 1131
8 1131 1124 1132
8 1124 1125 1132
8 1132 1125 1133
8 1125 1126 1133
8 1133 1126 1134
8 1126 146 1134
8 1134 146 147
8 122 1127 123
8 123 1127 1135
8 1127 1128 1135
8 1135 1128 1136
8 1128 1129 1136
8 1136 1129 1137
8 1129 1130 1137
8 1137 1130 1138
8 1130 1131 1138
8 1138 1131 1139
8 1131 1132 1139
8 1139 1132 1140
8 1132 1133 1140
8 1140 1133 1141
8 1133 1134 1141
8 1141 1134 1142
8 1134 147 1142
8 1142 147 148
7 123 1135 124
7 124 1135 1143
7 1135 1136 1143
7 1143 1136 1144
7 1136 1137 1144
7 1144 1137 1145
7 1137 1138 1145
7 1145 1138 1146
7 1138 1139 1146
7 1146 1139 1147
7 1139 1140 1147
7 1147 1140 1148
7 1140 1141 1148
7 1148 1141 1149
7 1141 1142 1149
7 1149 1142 1150
7 1142 148 1150
7 1150 148 149
7 124 1143 100
7 100 1143 951
7 1143 1144 951
7 951 1144 952
7 1144 1145 952
7 952 1145 953
7 1145 1146 953
7 953 1146 954
7 1146 1147 954
7 954 1147 955
7 1147 1148 955
7 955 1148 956
7 1148 1149 956
7 956 1149 957
7 1149 1150 957
7 957 1150 958
7 1150 149 958
7 958 149 125
7 125 1151 126
7 126 1151 1159
7 1151 1152 1159
7 1159 1152 1160
7 1152 1153 1160
7 1160 1153 1161
7 1153 1154 1161
7 1161 1154 1162
7 1154 1155 1162
7 1162 1155 1163
7 1155 1156 1163
7 1163 1156 1164
7 1156 1157 1164
7 1164 1157 1165
7 1157 1158 1165
7 1165 1158 1166
7 1158 150 1166
7 1166 150 151
7 126 1159 127
7 127 1159 1167
7 1159 1160 1167
7 1167 1160 1168
7 1160 1161 1168
7 1168 1161 1169
7 1161 1162 1169
7 1169 1162 1170
7 1162 1163 1170
7 1170 1163 1171
7 1163 1164 1171
7 1171 1164 1172
7 1164 1165 1172
7 1172 1165 1173
7 1165 1166 1173
7 1173 1166 1174
7 1166 151 1174
7 1174 151 152
8 127 1167 128
8 128 1167 1175
8 1167 1168 1175
8 1175 1168 1176
8 1168 1169 1176
8 1176 1169 1177
8 1169 1170 1177
8 1177 1170 1178
8 1170 1171 1178
8 1178 1171 1179
8 1171 1172 1179
8 1179 1172 1180
8 1172 1173 1180
8 1180 1173 1181
8 1173 1174 1181
8 1181 1174 1182
8 1174 152 1182
8 1182 152 153
5 128 1175 129
5 129 1175 1183
5 1175 1176 1183
5 1183 1176 1184
5 1176 1177 1184
5 1184 1177 1185
5 1177 1178 1185
5 1185 1178 1186
5 1178 1179 1186
5 1186 1179 1187
5 1179 1180 1187
5 1187 1180 1188
5 1180 1181 1188
5 1188 1181 1189
5 1181 1182 1189
5 1189 1182 1190
5 1182 153 1190
5 1190 153 154
5 129 1183 130
5 130 1183 1191
5 1183 1184 1191
5 1191 1184 1192
5 1184 1185 1192
5 1192 1185 1193
5 1185 1186 1193
5 1193 1186 1194
5 1186 1187 1194
5 1194 1187 1195
5 1187 1188 1195
5 1195 1188 1196
5 1188 1189 1196
5 1196 1189 1197
5 1189 1190 1197
5 1197 1190 1198
5 1190 154 1198
5 1198 154 155
6 130 1191 131
6 131 1191 1199
6 1191 1192 1199
6 1199 1192 1200
6 1192 1193 1200
6 1200 1193 1201
6 1193 1194 1201
6 1201 1194 1202
6 1194 1195 1202
6 1202 1195 1203
6 1195 1196 1203
6 1203 1196 1204
6 1196 1197 1204
6 1204 1197 1205
6 1197 1198 1205
6 1205 1198 1206
6 1198 155 1206
6 1206 155 156
5 131 1199 132
5 132 1199 1207
5 1199 1200 1207
5 1207 1200 1208
5 1200 1201 1208
5 1208 1201 1209
5 1201 1202 1209
5 1209 1202 1210
5 1202 1203 1210
5 1210 1203 1211
5 1203 1204 1211
5 1211 1204 1212
5 1204 1205 1212
5 1212 1205 1213
5 1205 1206 1213
5 1213 1206 1214
5 1206 156 1214
5 1214 156 157
5 132 1207 133
5 133 1207 1215
5 1207 1208 1215
5 1215 1208 1216
5 1208 1209 1216
5 1216 1209 1217
5 1209 1210 1217
5 1217 1210 1218
5 1210 1211 1218
5 1218 1211 1219
5 1211 1212 1219
5 1219 1212 1220
5 1212 1213 1220
5 1220 1213 1221
5 1213 1214 1221
5 1221 1214 1222
5 1214 157 1222
5 1222 157 158
8 133 1215 134
8 134 1215 1223
8 1215 1216 1223
8 1223 1216 1224
8 1216 1217 1224
8 1224 1217 1225
8 1217 1218 1225
8 1225 1218 1226
8 1218 1219 1226
8 1226 1219 1227
8 1219 1220 1227
8 1227 1220 1228
8 1220 1221 1228
8 1228 1221 1229
8 1221 1222 1229
8 1229 1222 1230
8 1222 158 1230
8 1230 158 159
8 134 1223 135
8 135 1223 1231
8 1223 1224 1231
8 1231 1224 1232
8 1224 1225 1232
8 1232 1225 1233
8 1225 1226 1233
8 1233 1226 1234
8 1226 1227 1234
8 1234 1227 1235
8 1227 1228 1235
8 1235 1228 1236
8 1228 1229 1236
8 1236 1229 1237
8 1229 1230 1237
8 1237 1230 1238
8 1230 159 1238
8 1238 159 160
8 135 1231 136
8 136 1231 1239
8 1231 1232 1239
8 1239 1232 1240
8 1232 1233 1240
8 1240 1233 1241
8 1233 1234 1241
8 1241 1234 1242
8 1234 1235 1242
8 1242 1235 1243
8 1235 1236 1243
8 1243 1236 1244
8 1236 1237 1244
8 1244 1237 1245
8 1237 1238 1245
8 1245 1238 1246
8 1238 160 1246
8 1246 160 161
9 136 1239 137
9 137 1239 1247
9 1239 1240 1247
9 1247 1240 1248
9 1240 1241 1248
9 1248 1241 1249
9 1241 1242 1249
9 1249 1242 1250
9 1242 1243 1250
9 1250 1243 1251
9 1243 1244 1251
9 1251 1244 1252
9 1244 1245 1252
9 1252 1245 1253
9 1245 1246 1253
9 1253 1246 1254
9 1246 161 1254
9 1254 161 162
9 137 1247 138
9 138 1247 1255
9 1247 1248 1255
9 1255 1248 1256
9 1248 1249 1256
9 1256 1249 1257
9 1249 1250 1257
9 1257 1250 1258
9 1250 1251 1258
9 1258 1251 1259
9 1251 1252 1259
9 1259 1252 1260
9 1252 1253 1260
9 1260 1253 1261
9 1253 1254 1261
9 1261 1254 1262
9 1254 162 1262
9 1262 162 163
9 138 1255 139
9 139 1255 1263
9 1255 1256 1263
9 1263 1256 1264
9 1256 1257 1264
9 1264 1257 1265
9 1257 1258 1265
9 1265 1258 1266
9 1258 1259 1266
9 1266 1259 1267
9 1259 1260 1267
9 1267 1260 1268
9 1260 1261 1268
9 1268 1261 1269
9 1261 1262 1269
9 1269 1262 1270
9 1262 163 1270
9 1270 163 164
9 139 1263 140
9 140 1263 1271
9 1263 1264 1271
9 1271 1264 1272
9 1264 1265 1272
9 1272 1265 1273
9 1265 1266 1273
9 1273 1266 1274
9 1266 1267 1274
9 1274 1267 1275
9 1267 1268 1275
9 1275 1268 1276
9 1268 1269 1276
9 1276 1269 1277
9 1269 1270 1277
9 1277 1270 1278
9 1270 164 1278
9 1278 164 165
8 140 1271 141
8 141 1271 1279
8 1271 1272 1279
8 1279 1272 1280
8 1272 1273 1280
8 1280 1273 1281
8 1273 1274 1281
8 1281 1274 1282
8 1274 1275 1282
8 1282 1275 1283
8 1275 1276 1283
8 1283 1276 1284
8 1276 1277 1284
8 1284 1277 1285
8 1277 1278 1285
8 1285 1278 1286
8 1278 165 1286
8 1286 165 166
5 141 1279 142
5 142 1279 1287
5 1279 1280 1287
5 1287 1280 1288
5 1280 1281 1288
5 1288 1281 1289
5 1281 1282 1289
5 1289 1282 1290
5 1282 1283 1290
5 1290 1283 1291
5 1283 1284 1291
5 1291 1284 1292
5 1284 1285 1292
5 1292 1285 1293
5 1285 1286 1293
5 1293 1286 1294
5 1286 166 1294
5 1294 166 167
5 142 1287 143
5 143 1287 1295
5 1287 1288 1295
5 1295 1288 1296
5 1288 1289 1296
5 1296 1289 1297
5 1289 1290 1297
5 1297 1290 1298
5 1290 1291 1298
5 1298 1291 1299
5 1291 1292 1299
5 1299 1292 1300
5 1292 1293 1300
5 1300 1293 1301
5 1293 1294 1301
5 1301 1294 1302
5 1294 167 1302
5 1302 167 168
6 143 1295 144
6 144 1295 1303
6 1295 1296 1303
6 1303 1296 1304
6 1296 1297 1304
6 1304 1297 1305
6 1297 1298 1305
6 1305 1298 1306
6 1298 1299 1306
6 1306 1299 1307
6 1299 1300 1307
6 1307 1300 1308
6 1300 1301 1308
6 1308 1301 1309
6 1301 1302 1309
6 1309 1302 1310
6 1302 168 1310
6 1310 168 169
5 144 1303 145
5 145 1303 1311
5 1303 1304 1311
5 1311 1304 1312
5 1304 1305 1312
5 1312 1305 1313
5 1305 1306 1313
5 1313 1306 1314
5 1306 1307 1314
5 1314 1307 1315
5 1307 1308 1315
5 1315 1308 1316
5 1308 1309 1316
5 1316 1309 1317
5 1309 1310 1317
5 1317 1310 1318
5 1310 169 1318
5 1318 169 170
5 145 1311 146
5 146 1311 1319
5 1311 1312 1319
5 1319 1312 1320
5 1312 1313 1320
5 1320 1313 1321
5 1313 1314 1321
5 1321 1314 1322
5 1314 1315 1322
5 1322 1315 1323
5 1315 1316 1323
5 1323 1316 1324
5 1316 1317 1324
5 1324 1317 1325
5 1317 1318 1325
5 1325 1318 1326
5 1318 170 1326
5 1326 170 171
8 146 1319 147
8 147 1319 1327
8 1319 1320 1327
8 1327 1320 1328
8 1320 1321 1328
8 1328 1321 1329
8 1321 1322 1329
8 1329 1322 1330
8 1322 1323 1330
8 1330 1323 1331
8 1323 1324 1331
8 1331 1324 1332
8 1324 1325 1332
8 1332 1325 1333
8 1325 1326 1333
8 1333 1326 1334
8 1326 171 1334
8 1334 171 172
8 147 1327 148
8 148 1327 1335
8 1327 1328 1335
8 1335 1328 1336
8 1328 1329 1336
8 1336 1329 1337
8 1329 1330 1337
8 1337 1330 1338
8 1330 1331 1338
8 1338 1331 1339
8 1331 1332 1339
8 1339 1332 1340
8 1332 1333 1340
8 1340 1333 1341
8 1333 1334 1341
8 1341 1334 1342
8 1334 172 1342
8 1342 172 173
7 148 1335 149
7 149 1335 1343
7 1335 1336 1343
7 1343 1336 1344
7 1336 1337 1344
7 1344 1337 1345
7 1337 1338 1345
7 1345 1338 1346
7 1338 1339 1346
7 1346 1339 1347
7 1339 1340 1347
7 1347 1340 1348
7 1340 1341 1348
7 1348 1341 1349
7 1341 1342 1349
7 1349 1342 1350
7 1342 173 1350
7 1350 173 174
7 149 1343 125
7 125 1343 1151
7 1343 1344 1151
7 1151 1344 1152
7 1344 1345 1152
7 1152 1345 1153
7 1345 1346 1153
7 1153 1346 1154
7 1346 1347 1154
7 1154 1347 1155
7 1347 1348 1155
7 1155 1348 1156
7 1348 1349 1156
7 1156 1349 1157
7 1349 1350 1157
7 1157 1350 1158
7 1350 174 1158
7 1158 174 150
7 150 1351 151
7 151 1351 1359
7 1351 1352 1359
7 1359 1352 1360
7 1352 1353 1360
7 1360 1353 1361
7 1353 1354 1361
7 1361 1354 1362
7 1354 1355 1362
7 1362 1355 1363
7 1355 1356 1363
7 1363 1356 1364
7 1356 1357 1364
7 1364 1357 1365
7 1357 1358 1365
7 1365 1358 1366
7 1358 175 1366
7 1366 175 176
7 151 1359 152
7 152 1359 1367
7 1359 1360 1367
7 1367 1360 1368
7 1360 1361 1368
7 1368 1361 1369
7 1361 1362 1369
7 1369 1362 1370
7 1362 1363 1370
7 1370 1363 1371
7 1363 1364 1371
7 1371 1364 1372
7 1364 1365 1372
7 1372 1365 1373
7 1365 1366 1373
7 1373 1366 1374
7 1366 176 1374
7 1374 176 177
8 152 1367 153
8 153 1367 1375
8 1367 1368 1375
8 1375 1368 1376
8 1368 1369 1376
8 1376 1369 1377
8 1369 1370 1377
8 1377 1370 1378
8 1370 1371 1378
8 1378 1371 1379
8 1371 1372 1379
8 1379 1372 1380
8 1372 1373 1380
8 1380 1373 1381
8 1373 1374 1381
8 1381 1374 1382
8 1374 177 1382
8 1382 177 178
5 153 1375 154
5 154 1375 1383
5 1375 1376 1383
5 1383 1376 1384
5 1376 1377 1384
5 1384 1377 1385
5 1377 1378 1385
5 1385 1378 1386
5 1378 1379 1386
5 1386 1379 1387
5 1379 1380 1387
5 1387 1380 1388
5 1380 1381 1388
5 1388 1381 1389
5 1381 1382 1389
5 1389 1382 1390
5 1382 178 1390
5 1390 178 179
5 154 1383 155
5 155 1383 1391
5 1383 1384 1391
5 1391 1384 1392
5 1384 1385 1392
5 1392 1385 1393
5 1385 1386 1393
5 1393 1386 1394
5 1386 1387 1394
5 1394 1387 1395
5 1387 1388 1395
5 1395 1388 1396
5 1388 1389 1396
5 1396 1389 1397
5 1389 1390 1397
5 1397 1390 1398
5 1390 179 1398
5 1398 179 180
6 155 1391 156
6 156 1391 1399
6 1391 1392 1399
6 1399 1392 1400
6 1392 1393 1400
6 1400 1393 1401
6 1393 1394 1401
6 1401 1394 1402
6 1394 1395 1402
6 1402 1395 1403
6 1395 1396 1403
6 1403 1396 1404
6 1396 1397 1404
6 1404 1397 1405
6 1397 1398 1405
6 1405 1398 1406
6 1398 180 1406
6 1406 180 181
5 156 1399 157
5 157 1399 1407
5 1399 1400 1407
5 1407 1400 1408
5 1400 1401 1408
5 1408 1401 1409
5 1401 1402 1409
5 1409 1402 1410
5 1402 1403 1410
5 1410 1403 1411
5 1403 1404 1411
5 1411 1404 1412
5 1404 1405 1412
5 1412 1405 1413
5 1405 1406 1413
5 1413 1406 1414
5 1406 181 1414
5 1414 181 182
5 157 1407 158
5 158 1407 1415
5 1407 1408 1415
5 1415 1408 1416
5 1408 1409 1416
5 1416 1409 1417
5 1409 1410 1417
5 1417 1410 1418
5 1410 1411 1418
5 1418 1411 1419
5 1411 1412 1419
5 1419 1412 1420
5 1412 1413 1420
5 1420 1413 1421
5 1413 1414 1421
5 1421 1414 1422
5 1414 182 1422
5 1422 182 183
8 158 1415 159
8 159 1415 1423
8 1415 1416 1423
8 1423 1416 1424
8 1416 1417 1424
8 1424 1417 1425
8 1417 1418 1425
8 1425 1418 1426
8 1418 1419 1426
8 1426 1419 1427
8 1419 1420 1427
8 1427 1420 1428
8 1420 1421 1428
8 1428 1421 1429
8 1421 1422 1429
8 1429 1422 1430
8 1422 183 1430
8 1430 183 184
8 159 1423 160
8 160 1423 1431
8 1423 1424 1431
8 1431 1424 1432
8 1424 1425 1432
8 1432 1425 1433
8 1425 1426 1433
8 1433 1426 1434
8 1426 1427 1434
8 1434 1427 1435
8 1427 1428 1435
8 1435 1428 1436
8 1428 1429 1436
8 1436 1429 1437
8 1429 1430 1437
8 1437 1430 1438
8 1430 184 1438
8 1438 184 185
8 160 1431 161
8 161 1431 1439
8 1431 1432 1439
8 1439 1432 1440
8 1432 1433 1440
8 1440 1433 1441
8 1433 1434 1441
8 1441 1434 1442
8 1434 1435 1442
8 1442 1435 1443
8 1435 1436 1443
8 1443 1436 1444
8 1436 1437 1444
8 1444 1437 1445
8 1437 1438 1445
8 1445 1438 1446
8 1438 185 1446
8 1446 185 186
9 161 1439 162
9 162 1439 1447
9 1439 1440 1447
9 1447 1440 1448
9 1440 1441 1448
9 1448 1441 1449
9 1441 1442 1449
9 1449 1442 1450
9 1442 1443 1450
9 1450 1443 1451
9 1443 1444 1451
9 1451 1444 1452
9 1444 1445 1452
9 1452 1445 1453
9 1445 1446 1453
9 1453 1446 1454
9 1446 186 1454
9 1454 186 187
9 162 1447 163
9 163 1447 1455
9 1447 1448 1455
9 1455 1448 1456
9 1448 1449 1456
9 1456 1449 1457
9 1449 1450 1457
9 1457 1450 1458
9 1450 1451 1458
9 1458 1451 1459
9 1451 1452 1459
9 1459 1452 1460
9 1452 1453 1460
9 1460 1453 1461
9 1453 1454 1461
9 1461 1454 1462
9 1454 187 1462
9 1462 187 188
9 163 1455 164
9 164 1455 1463
9 1455 1456 1463
9 1463 1456 1464
9 1456 1457 1464
9 1464 1457 1465
9 1457 1458 1465
9 1465 1458 1466
9 1458 1459 1466
9 1466 1459 1467
9 1459 1460 1467
9 1467 1460 1468
9 1460 1461 1468
9 1468 1461 1469
9 1461 1462 1469
9 1469 1462 1470
9 1462 188 1470
9 1470 188 189
9 164 1463 165
9 165 1463 1471
9 1463 1464 1471
9 1471 1464 1472
9 1464 1465 1472
9 1472 1465 1473
9 1465 1466 1473
9 1473 1466 1474
9 1466 1467 1474
9 1474 1467 1475
9 1467 1468 1475
9 1475 1468 1476
9 1468 1469 1476
9 1476 1469 1477
9 1469 1470 1477
9 1477 1470 1478
9 1470 189 1478
9 1478 189 190
8 165 1471 166
8 166 1471 1479
8 1471 1472 1479
8 1479 1472 1480
8 1472 1473 1480
8 1480 1473 1481
8 1473 1474 1481
8 1481 1474 1482
8 1474 1475 1482
8 1482 1475 1483
8 1475 1476 1483
8 1483 1476 1484
8 1476 1477 1484
8 1484 1477 1485
8 1477 1478 1485
8 1485 1478 1486
8 1478 190 1486
8 1486 190 191
5 166 1479 167
5 167 1479 1487
5 1479 1480 1487
5 1487 1480 1488
5 1480 1481 1488
5 1488 1481 1489
5 1481 1482 1489
5 1489 1482 1490
5 1482 1483 1490
5 1490 1483 1491
5 1483 1484 1491
5 1491 1484 1492
5 1484 1485 1492
5 1492 1485 1493
5 1485 1486 1493
5 1493 1486 1494
5 1486 191 1494
5 1494 191 192
5 167 1487 168
5 168 1487 1495
5 1487 1488 1495
5 1495 1488 1496
5 1488 1489 1496
5 1496 1489 1497
5 1489 1490 1497
5 1497 1490 1498
5 1490 1491 1498
5 1498 1491 1499
5 1491 1492 1499
5 1499 1492 1500
5 1492 1493 1500
5 1500 1493 1501
5 1493 1494 1501
5 1501 1494 1502
5 1494 192 1502
5 1502 192 193
6 168 1495 169
6 169 1495 1503
6 1495 1496 1503
6 1503 1496 1504
6 1496 1497 1504
6 1504 1497 1505
6 1497 1498 1505
6 1505 1498 1506
6 1498 1499 1506
6 1506 1499 1507
6 1499 1500 1507
6 1507 1500 1508
6 1500 1501 1508
6 1508 1501 1509
6 1501 1502 1509
6 1509 1502 1510
6 1502 193 1510
6 1510 193 194
5 169 1503 170
5 170 1503 1511
5 1503 1504 1511
5 1511 1504 1512
5 1504 1505 1512
5 1512 1505 1513
5 1505 1506 1513
5 1513 1506 1514
5 1506 1507 1514
5 1514 1507 1515
5 1507 1508 1515
5 1515 1508 1516
5 1508 1509 1516
5 1516 1509 1517
5 1509 1510 1517
5 1517 1510 1518
5 1510 194 1518
5 1518 194 195
5 170 1511 171
5 171 1511 1519
5 1511 1512 1519
5 1519 1512 1520
5 1512 1513 1520
5 1520 1513 1521
5 1513 1514 1521
5 1521 1514 1522
5 1514 1515 1522
5 1522 1515 1523
5 1515 1516 1523
5 1523 1516 1524
5 1516 1517 1524
5 1524 1517 1525
5 1517 1518 1525
5 1525 1518 1526
5 1518 195 1526
5 1526 195 196
8 171 1519 172
8 172 1519 1527
8 1519 1520 1527
8 1527 1520 1528
8 1520 1521 1528
8 1528 1521 1529
8 1521 1522 1529
8 1529 1522 1530
8 1522 1523 1530
8 1530 1523 1531
8 1523 1524 1531
8 1531 1524 1532
8 1524 1525 1532
8 1532 1525 1533
8 1525 1526 1533
8 1533 1526 1534
8 1526 196 1534
8 1534 196 197
8 172 1527 173
8 173 1527 1535
8 1527 1528 1535
8 1535 1528 1536
8 1528 1529 1536
8 1536 1529 1537
8 1529 1530 1537
8 1537 1530 1538
8 1530 1531 1538
8 1538 1531 1539
8 1531 1532 1539
8 1539 1532 1540
8 1532 1533 1540
8 1540 1533 1541
8 1533 1534 1541
8 1541 1534 1542
8 1534 197 1542
8 1542 197 198
7 173 1535 174
7 174 1535 1543
7 1535 1536 1543
7 1543 1536 1544
7 1536 1537 1544
7 1544 1537 1545
7 1537 1538 1545
7 1545 1538 1546
7 1538 1539 1546
7 1546 1539 1547
7 1539 1540 1547
7 1547 1540 1548
7 1540 1541 1548
7 1548 1541 1549
7 1541 1542 1549
7 1549 1542 1550
7 1542 198 1550
7 1550 198 199
7 174 1543 150
7 150 1543 1351
7 1543 1544 1351
7 1351 1544 1352
7 1544 1545 1352
7 1352 1545 1353
7 1545 1546 1353
7 1353 1546 1354
7 1546 1547 1354
7 1354 1547 1355
7 1547 1548 1355
7 1355 1548 1356
7 1548 1549 1356
7 1356 1549 1357
7 1549 1550 1357
7 1357 1550 1358
7 1550 199 1358
7 1358 199 175
7 175 1551 176
7 176 1551 1559
7 1551 1552 1559
7 1559 1552 1560
7 1552 1553 1560
7 1560 1553 1561
7 1553 1554 1561
7 1561 1554 1562
7 1554 1555 1562
7 1562 1555 1563
7 1555 1556 1563
7 1563 1556 1564
7 1556 1557 1564
7 1564 1557 1565
7 1557 1558 1565
7 1565 1558 1566
7 1558 200 1566
7 1566 200 201
7 176 1559 177
7 177 1559 1567
7 1559 1560 1567
7 1567 1560 1568
7 1560 1561 1568
7 1568 1561 1569
7 1561 1562 1569
7 1569 1562 1570
7 1562 1563 1570
7 1570 1563 1571
7 1563 1564 1571
7 1571 1564 1572
7 1564 1565 1572
7 1572 1565 1573
7 1565 1566 1573
7 1573 1566 1574
7 1566 201 1574
7 1574 201 202
8 177 1567 178
8 178 1567 1575
8 1567 1568 1575
8 1575 1568 1576
8 1568 1569 1576
8 1576 1569 1577
8 1569 1570 1577
8 1577 1570 1578
8 1570 1571 1578
8 1578 1571 1579
8 1571 1572 1579
8 1579 1572 1580
8 1572 1573 1580
8 1580 1573 1581
8 1573 1574 1581
8 1581 1574 1582
8 1574 202 1582
8 1582 202 203
5 178 1575 179
5 179 1575 1583
5 1575 1576 1583
5 1583 1576 1584
5 1576 1577 1584
5 1584 1577 1585
5 1577 1578 1585
5 1585 1578 1586
5 1578 1579 1586
5 1586 1579 1587
5 1579 1580 1587
5 1587 1580 1588
5 1580 1581 1588
5 1588 1581 1589
5 1581 1582 1589
5 1589 1582 1590
5 1582 203 1590
5 1590 203 204
5 179 1583 180
5 180 1583 1591
5 1583 1584 1591
5 1591 1584 1592
5 1584 1585 1592
5 1592 1585 1593
5 1585 1586 1593
5 1593 1586 1594
5 1586 1587 1594
5 1594 1587 1595
5 1587 1588 1595
5 1595 1588 1596
5 1588 1589 1596
5 1596 1589 1597
5 1589 1590 1597
5 1597 1590 1598
5 1590 204 1598
5 1598 204 205
6 180 1591 181
6 181 1591 1599
6 1591 1592 1599
6 1599 1592 1600
6 1592 1593 1600
6 1600 1593 1601
6 1593 1594 1601
6 1601 1594 1602
6 1594 1595 1602
6 1602 1595 1603
6 1595 1596 1603
6 1603 1596 1604
6 1596 1597 1604
6 1604 1597 1605
6 1597 1598 1605
6 1605 1598 1606
6 1598 205 1606
6 1606 205 206
5 181 1599 182
5 182 1599 1607
5 1599 1600 1607
5 1607 1600 1608
5 1600 1601 1608
5 1608 1601 1609
5 1601 1602 1609
5 1609 1602 1610
5 1602 1603 1610
5 1610 1603 1611
5 1603 1604 1611
5 1611 1604 1612
5 1604 1605 1612
5 1612 1605 1613
5 1605 1606 1613
5 1613 1606 1614
5 1606 206 1614
5 1614 206 207
5 182 1607 183
5 183 1607 1615
5 1607 1608 1615
5 1615 1608 1616
5 1608 1609 1616
5 1616 1609 1617
5 1609 1610 1617
5 1617 1610 1618
5 1610 1611 1618
5 1618 1611 1619
5 1611 1612 1619
5 1619 1612 1620
5 1612 1613 1620
5 1620 1613 1621
5 1613 1614 1621
5 1621 1614 1622
5 1614 207 1622
5 1622 207 208
8 183 1615 184
8 184 1615 1623
8 1615 1616 1623
8 1623 1616 1624
8 1616 1617 1624
8 1624 1617 1625
8 1617 1618 1625
8 1625 1618 1626
8 1618 1619 1626
8 1626 1619 1627
8 1619 1620 1627
8 1627 1620 1628
8 1620 1621 1628
8 1628 1621 1629
8 1621 1622 1629
8 1629 1622 1630
8 1622 208 1630
8 1630 208 209
8 184 1623 185
8 185 1623 1631
8 1623 1624 1631
8 1631 1624 1632
8 1624 1625 1632
8 1632 1625 1633
8 1625 1626 1633
8 1633 1626 1634
8 1626 1627 1634
8 1634 1627 1635
8 1627 1628 1635
8 1635 1628 1636
8 1628 1629 1636
8 1636 1629 1637
8 1629 1630 1637
8 1637 1630 1638
8 1630 209 1638
8 1638 209 210
8 185 1631 186
8 186 1631 1639
8 1631 1632 1639
8 1639 1632 1640
8 1632 1633 1640
8 1640 1633 1641
8 1633 1634 1641
8 1641 1634 1642
8 1634 1635 1642
8 1642 1635 1643
8 1635 1636 1643
8 1643 1636 1644
8 1636 1637 1644
8 1644 1637 1645
8 1637 1638 1645
8 1645 1638 1646
8 1638 210 1646
8 1646 210 211
9 186 1639 187
9 187 1639 1647
9 1639 1640 1647
9 1647 1640 1648
9 1640 1641 1648
9 1648 1641 1649
9 1641 1642 1649
9 1649 1642 1650
9 1642 1643 1650
9 1650 1643 1651
9 1643 1644 1651
9 1651 1644 1652
9 1644 1645 1652
9 1652 1645 1653
9 1645 1646 1653
9 1653 1646 1654
9 1646 211 1654
9 1654 211 212
9 187 1647 188
9 188 1647 1655
9 1647 1648 1655
9 1655 1648 1656
9 1648 1649 1656
9 1656 1649 1657
9 1649 1650 1657
9 1657 1650 1658
9 1650 1651 1658
9 1658 1651 1659
9 1651 1652 1659
9 1659 1652 1660
9 1652 1653 1660
9 1660 1653 1661
9 1653 1654 1661
9 1661 1654 1662
9 1654 212 1662
9 1662 212 213
9 188 1655 189
9 189 1655 1663
9 1655 1656 1663
9 1663 1656 1664
9 1656 1657 1664
9 1664 1657 1665
9 1657 1658 1665
9 1665 1658 1666
9 1658 1659 1666
9 1666 1659 1667
9 1659 1660 1667
9 1667 1660 1668
9 1660 1661 1668
9 1668 1661 1669
9 1661 1662 1669
9 1669 1662 1670
9 1662 213 1670
9 1670 213 214
9 189 1663 190
9 190 1663 1671
9 1663 1664 1671
9 1671 1664 1672
9 1664 1665 1672
9 1672 1665 1673
9 1665 1666 1673
9 1673 1666 1674
9 1666 1667 1674
9 1674 1667 1675
9 1667 1668 1675
9 1675 1668 1676
9 1668 1669 1676
9 1676 1669 1677
9 1669 1670 1677
9 1677 1670 1678
9 1670 214 1678
9 1678 214 215
8 190 1671 191
8 191 1671 1679
8 1671 1672 1679
8 1679 1672 1680
8 1672 1673 1680
8 1680 1673 1681
8 1673 1674 1681
8 1681 1674 1682
8 1674 1675 1682
8 1682 1675 1683
8 1675 1676 1683
8 1683 1676 1684
8 1676 1677 1684
8 1684 1677 1685
8 1677 1678 1685
8 1685 1678 1686
8 1678 215 1686
8 1686 215 216
5 191 1679 192
5 192 1679 1687
5 1679 1680 1687
5 1687 1680 1688
5 1680 1681 1688
5 1688 1681 1689
5 1681 1682 1689
5 1689 1682 1690
5 1682 1683 1690
5 1690 1683 1691
5 1683 1684 1691
5 1691 1684 1692
5 1684 1685 1692
5 1692 1685 1693
5 1685 1686 1693
5 1693 1686 1694
5 1686 216 1694
5 1694 216 217
5 192 1687 193
5 193 1687 1695
5 1687 1688 1695
5 1695 1688 1696
5 1688 1689 1696
5 1696 1689 1697
5 1689 1690 1697
5 1697 1690 1698
5 1690 1691 1698
5 1698 1691 1699
5 1691 1692 1699
5 1699 1692 1700
5 1692 1693 1700
5 1700 1693 1701
5 1693 1694 1701
5 1701 1694 1702
5 1694 217 1702
5 1702 217 218
6 193 1695 194
6 194 1695 1703
6 1695 1696 1703
6 1703 1696 1704
6 1696 1697 1704
6 1704 1697 1705
6 1697 1698 1705
6 1705 1698 1706
6 1698 1699 1706
6 1706 1699 1707
6 1699 1700 1707
6 1707 1700 1708
6 1700 1701 1708
6 1708 1701 1709
6 1701 1702 1709
6 1709 1702 1710
6 1702 218 1710
6 1710 218 219
5 194 1703 195
5 195 1703 1711
5 1703 1704 1711
5 1711 1704 1712
5 1704 1705 1712
5 1712 1705 1713
5 1705 1706 1713
5 1713 1706 1714
5 1706 1707 1714
5 1714 1707 1715
5 1707 1708 1715
5 1715 1708 1716
5 1708 1709 1716
5 1716 1709 1717
5 1709 1710 1717
5 1717 1710 1718
5 1710 219 1718
5 1718 219 220
5 195 1711 196
5 196 1711 1719
5 1711 1712 1719
5 1719 1712 1720
5 1712 1713 1720
5 1720 1713 1721
5 1713 1714 1721
5 1721 1714 1722
5 1714 1715 1722
5 1722 1715 1723
5 1715 1716 1723
5 1723 1716 1724
5 1716 1717 1724
5 1724 1717 1725
5 1717 1718 1725
5 1725 1718 1726
5 1718 220 1726
5 1726 220 221
8 196 1719 197
8 197 1719 1727
8 1719 1720 1727
8 1727 1720 1728
8 1720 1721 1728
8 1728 1721 1729
8 1721 1722 1729
8 1729 1722 1730
8 1722 1723 1730
8 1730 1723 1731
8 1723 1724 1731
8 1731 1724 1732
8 1724 1725 1732
8 1732 1725 1733
8 1725 1726 1733
8 1733 1726 1734
8 1726 221 1734
8 1734 221 222
8 197 1727 198
8 198 1727 1735
8 1727 1728 1735
8 1735 1728 1736
8 1728 1729 1736
8 1736 1729 1737
8 1729 1730 1737
8 1737 1730 1738
8 1730 1731 1738
8 1738 1731 1739
8 1731 1732 1739
8 1739 1732 1740
8 1732 1733 1740
8 1740 1733 1741
8 1733 1734 1741
8 1741 1734 1742
8 1734 222 1742
8 1742 222 223
7 198 1735 199
7 199 1735 1743
7 1735 1736 1743
7 1743 1736 1744
7 1736 1737 1744
7 1744 1737 1745
7 1737 1738 1745
7 1745 1738 1746
7 1738 1739 1746
7 1746 1739 1747
7 1739 1740 1747
7 1747 1740 1748
7 1740 1741 1748
7 1748 1741 1749
7 1741 1742 1749
7 1749 1742 1750
7 1742 223 1750
7 1750 223 224
7 199 1743 175
7 175 1743 1551
7 1743 1744 1551
7 1551 1744 1552
7 1744 1745 1552
7 1552 1745 1553
7 1745 1746 1553
7 1553 1746 1554
7 1746 1747 1554
7 1554 1747 1555
7 1747 1748 1555
7 1555 1748 1556
7 1748 1749 1556
7 1556 1749 1557
7 1749 1750 1557
7 1557 1750 1558
7 1750 224 1558
7 1558 224 200
10 225 1753 1756
10 1753 1752 1756
10 1756 1752 1755
10 1752 1751 1755
10 1755 1751 1754
10 1751 200 1754
10 1754 200 201
10 225 1756 1759
10 1756 1755 1759
10 1759 1755 1758
10 1755 1754 1758
10 1758 1754 1757
10 1754 201 1757
10 1757 201 202
10 225 1759 1762
10 1759 1758 1762
10 1762 1758 1761
10 1758 1757 1761
10 1761 1757 1760
10 1757 202 1760
10 1760 202 203
10 225 1762 1765
10 1762 1761 1765
10 1765 1761 1764
10 1761 1760 1764
10 1764 1760 1763
10 1760 203 1763
10 1763 203 204
10 225 1765 1768
10 1765 1764 1768
10 1768 1764 1767
10 1764 1763 1767
10 1767 1763 1766
10 1763 204 1766
10 1766 204 205
10 225 1768 1771
10 1768 1767 1771
10 1771 1767 1770
10 1767 1766 1770
10 1770 1766 1769
10 1766 205 1769
10 1769 205 206
10 225 1771 1774
10 1771 1770 1774
10 1774 1770 1773
10 1770 1769 1773
10 1773 1769 1772
10 1769 206 1772
10 1772 206 207
10 225 1774 1777
10 1774 1773 1777
10 1777 1773 1776
10 1773 1772 1776
10 1776 1772 1775
10 1772 207 1775
10 1775 207 208
10 225 1777 1780
10 1777 1776 1780
10 1780 1776 1779
10 1776 1775 1779
10 1779 1775 1778
10 1775 208 1778
10 1778 208 209
10 225 1780 1783
10 1780 1779 1783
10 1783 1779 1782
10 1779 1778 1782
10 1782 1778 1781
10 1778 209 1781
10 1781 209 210
10 225 1783 1786
10 1783 1782 1786
10 1786 1782 1785
10 1782 1781 1785
10 1785 1781 1784
10 1781 210 1784
10 1784 210 211
10 225 1786 1789
10 1786 1785 1789
10 1789 1785 1788
10 1785 1784 1788
10 1788 1784 1787
10 1784 211 1787
10 1787 211 212
10 225 1789 1792
10 1789 1788 1792
10 1792 1788 1791
10 1788 1787 1791
10 1791 1787 1790
10 1787 212 1790
10 1790 212 213
10 225 1792 1795
10 1792 1791 1795
10 1795 1791 1794
10 1791 1790 1794
10 1794 1790 1793
10 1790 213 1793
10 1793 213 214
10 225 1795 1798
10 1795 1794 1798
10 1798 1794 1797
10 1794 1793 1797
10 1797 1793 1796
10 1793 214 1796
10 1796 214 215
10 225 1798 1801
10 1798 1797 1801
10 1801 1797 1800
10 1797 1796 1800
10 1800 1796 1799
10 1796 215 1799
10 1799 215 216
10 225 1801 1804
10 1801 1800 1804
10 1804 1800 1803
10 1800 1799 1803
10 1803 1799 1802
10 1799 216 1802
10 1802 216 217
10 225 1804 1807
10 1804 1803 1807
10 1807 1803 1806
10 1803 1802 1806
10 1806 1802 1805
10 1802 217 1805
10 1805 217 218
10 225 1807 1810
10 1807 1806 1810
10 1810 1806 1809
10 1806 1805 1809
10 1809 1805 1808
10 1805 218 1808
10 1808 218 219
10 225 1810 1813
10 1810 1809 1813
10 1813 1809 1812
10 1809 1808 1812
10 1812 1808 1811
10 1808 219 1811
10 1811 219 220
10 225 1813 1816
10 1813 1812 1816
10 1816 1812 1815
10 1812 1811 1815
10 1815 1811 1814
10 1811 220 1814
10 1814 220 221
10 225 1816 1819
10 1816 1815 1819
10 1819 1815 1818
10 1815 1814 1818
10 1818 1814 1817
10 1814 221 1817
10 1817 221 222
10 225 1819 1822
10 1819 1818 1822
10 1822 1818 1821
10 1818 1817 1821
10 1821 1817 1820
10 1817 222 1820
10 1820 222 223
10 225 1822 1825
10 1822 1821 1825
10 1825 1821 1824
10 1821 1820 1824
10 1824 1820 1823
10 1820 223 1823
10 1823 223 224
10 225 1753 1825
10 1753 1752 1825
10 1825 1752 1824
10 1752 1751 1824
10 1824 1751 1823
10 1751 200 1823
10 1823 200 224
1 54 583 1829
1 1829 583 1865
1 1829 1865 1830
1 1830 1865 1866
1 1830 1866 1831
1 1831 1866 1867
1 1831 1867 70
1 70 1867 711
1 583 584 1865
1 1865 584 1868
1 1865 1868 1866
1 1866 1868 1869
1 1866 1869 1867
1 1867 1869 1870
1 1867 1870 711
1 711 1870 712
1 584 585 1868
1 1868 585 1871
1 1868 1871 1869
1 1869 1871 1872
1 1869 1872 1870
1 1870 1872 1873
1 1870 1873 712
1 712 1873 713
1 585 586 1871
1 1871 586 1874
1 1871 1874 1872
1 1872 1874 1875
1 1872 1875 1873
1 1873 1875 1876
1 1873 1876 713
1 713 1876 714
1 586 587 1874
1 1874 587 1877
1 1874 1877 1875
1 1875 1877 1878
1 1875 1878 1876
1 1876 1878 1879
1 1876 1879 714
1 714 1879 715
1 587 588 1877
1 1877 588 1880
1 1877 1880 1878
1 1878 1880 1881
1 1878 1881 1879
1 1879 1881 1882
1 1879 1882 715
1 715 1882 716
1 588 589 1880
1 1880 589 1883
1 1880 1883 1881
1 1881 1883 1884
1 1881 1884 1882
1 1882 1884 1885
1 1882 1885 716
1 716 1885 717
1 589 590 1883
1 1883 590 1886
1 1883 1886 1884
1 1884 1886 1887
1 1884 1887 1885
1 1885 1887 1888
1 1885 1888 717
1 717 1888 718
1 590 79 1886
1 1886 79 1835
1 1886 1835 1887
1 1887 1835 1836
1 1887 1836 1888
1 1888 1836 1837
1 1888 1837 718
1 718 1837 95
1 79 783 1835
1 1835 783 1889
1 1835 1889 1836
1 1836 1889 1890
1 1836 1890 1837
1 1837 1890 1891
1 1837 1891 95
1 95 1891 911
1 783 784 1889
1 1889 784 1892
1 1889 1892 1890
1 1890 1892 1893
1 1890 1893 1891
1 1891 1893 1894
1 1891 1894 911
1 911 1894 912
1 784 785 1892
1 1892 785 1895
1 1892 1895 1893
1 1893 1895 1896
1 1893 1896 1894
1 1894 1896 1897
1 1894 1897 912
1 912 1897 913
1 785 786 1895
1 1895 786 1898
1 1895 1898 1896
1 1896 1898 1899
1 1896 1899 1897
1 1897 1899 1900
1 1897 1900 913
1 913 1900 914
1 786 787 1898
1 1898 787 1901
1 1898 1901 1899
1 1899 1901 1902
1 1899 1902 1900
1 1900 1902 1903
1 1900 1903 914
1 914 1903 915
1 787 788 1901
1 1901 788 1904
1 1901 1904 1902
1 1902 1904 1905
1 1902 1905 1903
1 1903 1905 1906
1 1903 1906 915
1 915 1906 916
1 788 789 1904
1 1904 789 1907
1 1904 1907 1905
1 1905 1907 1908
1 1905 1908 1906
1 1906 1908 1909
1 1906 1909 916
1 916 1909 917
1 789 790 1907
1 1907 790 1910
1 1907 1910 1908
1 1908 1910 1911
1 1908 1911 1909
1 1909 1911 1912
1 1909 1912 917
1 917 1912 918
1 790 104 1910
1 1910 104 1841
1 1910 1841 1911
1 1911 1841 1842
1 1911 1842 1912
1 1912 1842 1843
1 1912 1843 918
1 918 1843 120
1 104 983 1841
1 1841 983 1913
1 1841 1913 1842
1 1842 1913 1914
1 1842 1914 1843
1 1843 1914 1915
1 1843 1915 120
1 120 1915 1111
1 983 984 1913
1 1913 984 1916
1 1913 1916 1914
1 1914 1916 1917
1 1914 1917 1915
1 1915 1917 1918
1 1915 1918 1111
1 1111 1918 1112
1 984 985 1916
1 1916 985 1919
1 1916 1919 1917
1 1917 1919 1920
1 1917 1920 1918
1 1918 1920 1921
1 1918 1921 1112
1 1112 1921 1113
1 985 986 1919
1 1919 986 1922
1 1919 1922 1920
1 1920 1922 1923
1 1920 1923 1921
1 1921 1923 1924
1 1921 1924 1113
1 1113 1924 1114
1 986 987 1922
1 1922 987 1925
1 1922 1925 1923
1 1923 1925 1926
1 1923 1926 1924
1 1924 1926 1927
1 1924 1927 1114
1 1114 1927 1115
1 987 988 1925
1 1925 988 1928
1 1925 1928 1926
1 1926 1928 1929
1 1926 1929 1927
1 1927 1929 1930
1 1927 1930 1115
1 1115 1930 1116
1 988 989 1928
1 1928 989 1931
1 1928 1931 1929
1 1929 1931 1932
1 1929 1932 1930
1 1930 1932 1933
1 1930 1933 1116
1 1116 1933 1117
1 989 990 1931
1 1931 990 1934
1 1931 1934 1932
1 1932 1934 1935
1 1932 1935 1933
1 1933 1935 1936
1 1933 1936 1117
1 1117 1936 1118
1 990 129 1934
1 1934 129 1847
1 1934 1847 1935
1 1935 1847 1848
1 1935 1848 1936
1 1936 1848 1849
1 1936 1849 1118
1 1118 1849 145
1 129 1183 1847
1 1847 1183 1937
1 1847 1937 1848
1 1848 1937 1938
1 1848 1938 1849
1 1849 1938 1939
1 1849 1939 145
1 145 1939 1311
1 1183 1184 1937
1 1937 1184 1940
1 1937 1940 1938
1 1938 1940 1941
1 1938 1941 1939
1 1939 1941 1942
1 1939 1942 1311
1 1311 1942 1312
1 1184 1185 1940
1 1940 1185 1943
1 1940 1943 1941
1 1941 1943 1944
1 1941 1944 1942
1 1942 1944 1945
1 1942 1945 1312
1 1312 1945 1313
1 1185 1186 1943
1 1943 1186 1946
1 1943 1946 1944
1 1944 1946 1947
1 1944 1947 1945
1 1945 1947 1948
1 1945 1948 1313
1 1313 1948 1314
1 1186 1187 1946
1 1946 1187 1949
1 1946 1949 1947
1 1947 1949 1950
1 1947 1950 1948
1 1948 1950 1951
1 1948 1951 1314
1 1314 1951 1315
1 1187 1188 1949
1 1949 1188 1952
1 1949 1952 1950
1 1950 1952 1953
1 1950 1953 1951
1 1951 1953 1954
1 1951 1954 1315
1 1315 1954 1316
1 1188 1189 1952
1 1952 1189 1955
1 1952 1955 1953
1 1953 1955 1956
1 1953 1956 1954
1 1954 1956 1957
1 1954 1957 1316
1 1316 1957 1317
1 1189 1190 1955
1 1955 1190 1958
1 1955 1958 1956
1 1956 1958 1959
1 1956 1959 1957
1 1957 1959 1960
1 1957 1960 1317
1 1317 1960 1318
1 1190 154 1958
1 1958 154 1853
1 1958 1853 1959
1 1959 1853 1854
1 1959 1854 1960
1 1960 1854 1855
1 1960 1855 1318
1 1318 1855 170
1 154 1383 1853
1 1853 1383 1961
1 1853 1961 1854
1 1854 1961 1962
1 1854 1962 1855
1 1855 1962 1963
1 1855 1963 170
1 170 1963 1511
1 1383 1384 1961
1 1961 1384 1964
1 1961 1964 1962
1 1962 1964 1965
1 1962 1965 1963
1 1963 1965 1966
1 1963 1966 1511
1 1511 1966 1512
1 1384 1385 1964
1 1964 1385 1967
1 1964 1967 1965
1 1965 1967 1968
1 1965 1968 1966
1 1966 1968 1969
1 1966 1969 1512
1 1512 1969 1513
1 1385 1386 1967
1 1967 1386 1970
1 1967 1970 1968
1 1968 1970 1971
1 1968 1971 1969
1 1969 1971 1972
1 1969 1972 1513
1 1513 1972 1514
1 1386 1387 1970
1 1970 1387 1973
1 1970 1973 1971
1 1971 1973 1974
1 1971 1974 1972
1 1972 1974 1975
1 1972 1975 1514
1 1514 1975 1515
1 1387 1388 1973
1 1973 1388 1976
1 1973 1976 1974
1 1974 1976 1977
1 1974 1977 1975
1 1975 1977 1978
1 1975 1978 1515
1 1515 1978 1516
1 1388 1389 1976
1 1976 1389 1979
1 1976 1979 1977
1 1977 1979 1980
1 1977 1980 1978
1 1978 1980 1981
1 1978 1981 1516
1 1516 1981 1517
1 1389 1390 1979
1 1979 1390 1982
1 1979 1982 1980
1 1980 1982 1983
1 1980 1983 1981
1 1981 1983 1984
1 1981 1984 1517
1 1517 1984 1518
1 1390 179 1982
1 1982 179 1859
1 1982 1859 1983
1 1983 1859 1860
1 1983 1860 1984
1 1984 1860 1861
1 1984 1861 1518
1 1518 1861 195
1 179 1583 1859
1 1859 1583 1985
1 1859 1985 1860
1 1860 1985 1986
1 1860 1986 1861
1 1861 1986 1987
1 1861 1987 195
1 195 1987 1711
1 1583 1584 1985
1 1985 1584 1988
1 1985 1988 1986
1 1986 1988 1989
1 1986 1989 1987
1 1987 1989 1990
1 1987 1990 1711
1 1711 1990 1712
1 1584 1585 1988
1 1988 1585 1991
1 1988 1991 1989
1 1989 1991 1992
1 1989 1992 1990
1 1990 1992 1993
1 1990 1993 1712
1 1712 1993 1713
1 1585 1586 1991
1 1991 1586 1994
1 1991 1994 1992
1 1992 1994 1995
1 1992 1995 1993
1 1993 1995 1996
1 1993 1996 1713
1 1713 1996 1714
1 1586 1587 1994
1 1994 1587 1997
1 1994 1997 1995
1 1995 1997 1998
1 1995 1998 1996
1 1996 1998 1999
1 1996 1999 1714
1 1714 1999 1715
1 1587 1588 1997
1 1997 1588 2000
1 1997 2000 1998
1 1998 2000 2001
1 1998 2001 1999
1 1999 2001 2002
1 1999 2002 1715
1 1715 2002 1716
1 1588 1589 2000
1 2000 1589 2003
1 2000 2003 2001
1 2001 2003 2004
1 2001 2004 2002
1 2002 2004 2005
1 2002 2005 1716
1 1716 2005 1717
1 1589 1590 2003
1 2003 1590 2006
1 2003 2006 2004
1 2004 2006 2007
1 2004 2007 2005
1 2005 2007 2008
1 2005 2008 1717
1 1717 2008 1718
1 1590 204 2006
1 2006 204 1862
1 2006 1862 2007
1 2007 1862 1863
1 2007 1863 2008
1 2008 1863 1864
1 2008 1864 1718
1 1718 1864 220
2 57 607 1826
2 1826 607 2009
2 1826 2009 1827
2 1827 2009 2010
2 1827 2010 1828
2 1828 2010 2011
2 1828 2011 67
2 67 2011 687
2 607 608 2009
2 2009 608 2012
2 2009 2012 2010
2 2010 2012 2013
2 2010 2013 2011
2 2011 2013 2014
2 2011 2014 687
2 687 2014 688
2 608 609 2012
2 2012 609 2015
2 2012 2015 2013
2 2013 2015 2016
2 2013 2016 2014
2 2014 2016 2017
2 2014 2017 688
2 688 2017 689
2 609 610 2015
2 2015 610 2018
2 2015 2018 2016
2 2016 2018 2019
2 2016 2019 2017
2 2017 2019 2020
2 2017 2020 689
2 689 2020 690
2 610 611 2018
2 2018 611 2021
2 2018 2021 2019
2 2019 2021 2022
2 2019 2022 2020
2 2020 2022 2023
2 2020 2023 690
2 690 2023 691
2 611 612 2021
2 2021 612 2024
2 2021 2024 2022
2 2022 2024 2025
2 2022 2025 2023
2 2023 2025 2026
2 2023 2026 691
2 691 2026 692
2 612 613 2024
2 2024 613 2027
2 2024 2027 2025
2 2025 2027 2028
2 2025 2028 2026
2 2026 2028 2029
2 2026 2029 692
2 692 2029 693
2 613 614 2027
2 2027 614 2030
2 2027 2030 2028
2 2028 2030 2031
2 2028 2031 2029
2 2029 2031 2032
2 2029 2032 693
2 693 2032 694
2 614 82 2030
2 2030 82 1832
2 2030 1832 2031
2 2031 1832 1833
2 2031 1833 2032
2 2032 1833 1834
2 2032 1834 694
2 694 1834 92
2 82 807 1832
2 1832 807 2033
2 1832 2033 1833
2 1833 2033 2034
2 1833 2034 1834
2 1834 2034 2035
2 1834 2035 92
2 92 2035 887
2 807 808 2033
2 2033 808 2036
2 2033 2036 2034
2 2034 2036 2037
2 2034 2037 2035
2 2035 2037 2038
2 2035 2038 887
2 887 2038 888
2 808 809 2036
2 2036 809 2039
2 2036 2039 2037
2 2037 2039 2040
2 2037 2040 2038
2 2038 2040 2041
2 2038 2041 888
2 888 2041 889
2 809 810 2039
2 2039 810 2042
2 2039 2042 2040
2 2040 2042 2043
2 2040 2043 2041
2 2041 2043 2044
2 2041 2044 889
2 889 2044 890
2 810 811 2042
2 2042 811 2045
2 2042 2045 2043
2 2043 2045 2046
2 2043 2046 2044
2 2044 2046 2047
2 2044 2047 890
2 890 2047 891
2 811 812 2045
2 2045 812 2048
2 2045 2048 2046
2 2046 2048 2049
2 2046 2049 2047
2 2047 2049 2050
2 2047 2050 891
2 891 2050 892
2 812 813 2048
2 2048 813 2051
2 2048 2051 2049
2 2049 2051 2052
2 2049 2052 2050
2 2050 2052 2053
2 2050 2053 892
2 892 2053 893
2 813 814 2051
2 2051 814 2054
2 2051 2054 2052
2 2052 2054 2055
2 2052 2055 2053
2 2053 2055 2056
2 2053 2056 893
2 893 2056 894
2 814 107 2054
2 2054 107 1838
2 2054 1838 2055
2 2055 1838 1839
2 2055 1839 2056
2 2056 1839 1840
2 2056 1840 894
2 894 1840 117
2 107 1007 1838
2 1838 1007 2057
2 1838 2057 1839
2 1839 2057 2058
2 1839 2058 1840
2 1840 2058 2059
2 1840 2059 117
2 117 2059 1087
2 1007 1008 2057
2 2057 1008 2060
2 2057 2060 2058
2 2058 2060 2061
2 2058 2061 2059
2 2059 2061 2062
2 2059 2062 1087
2 1087 2062 1088
2 1008 1009 2060
2 2060 1009 2063
2 2060 2063 2061
2 2061 2063 2064
2 2061 2064 2062
2 2062 2064 2065
2 2062 2065 1088
2 1088 2065 1089
2 1009 1010 2063
2 2063 1010 2066
2 2063 2066 2064
2 2064 2066 2067
2 2064 2067 2065
2 2065 2067 2068
2 2065 2068 1089
2 1089 2068 1090
2 1010 1011 2066
2 2066 1011 2069
2 2066 2069 2067
2 2067 2069 2070
2 2067 2070 2068
2 2068 2070 2071
2 2068 2071 1090
2 1090 2071 1091
2 1011 1012 2069
2 2069 1012 2072
2 2069 2072 2070
2 2070 2072 2073
2 2070 2073 2071
2 2071 2073 2074
2 2071 2074 1091
2 1091 2074 1092
2 1012 1013 2072
2 2072 1013 2075
2 2072 2075 2073
2 2073 2075 2076
2 2073 2076 2074
2 2074 2076 2077
2 2074 2077 1092
2 1092 2077 1093
2 1013 1014 2075
2 2075 1014 2078
2 2075 2078 2076
2 2076 2078 2079
2 2076 2079 2077
2 2077 2079 2080
2 2077 2080 1093
2 1093 2080 1094
2 1014 132 2078
2 2078 132 1844
2 2078 1844 2079
2 2079 1844 1845
2 2079 1845 2080
2 2080 1845 1846
2 2080 1846 1094
2 1094 1846 142
2 132 1207 1844
2 1844 1207 2081
2 1844 2081 1845
2 1845 2081 2082
2 1845 2082 1846
2 1846 2082 2083
2 1846 2083 142
2 142 2083 1287
2 1207 1208 2081
2 2081 1208 2084
2 2081 2084 2082
2 2082 2084 2085
2 2082 2085 2083
2 2083 2085 2086
2 2083 2086 1287
2 1287 2086 1288
2 1208 1209 2084
2 2084 1209 2087
2 2084 2087 2085
2 2085 2087 2088
2 2085 2088 2086
2 2086 2088 2089
2 2086 2089 1288
2 1288 2089 1289
2 1209 1210 2087
2 2087 1210 2090
2 2087 2090 2088
2 2088 2090 2091
2 2088 2091 2089
2 2089 2091 2092
2 2089 2092 1289
2 1289 2092 1290
2 1210 1211 2090
2 2090 1211 2093
2 2090 2093 2091
2 2091 2093 2094
2 2091 2094 2092
2 2092 2094 2095
2 2092 2095 1290
2 1290 2095 1291
2 1211 1212 2093
2 2093 1212 2096
2 2093 2096 2094
2 2094 2096 2097
2 2094 2097 2095
2 2095 2097 2098
2 2095 2098 1291
2 1291 2098 1292
2 1212 1213 2096
2 2096 1213 2099
2 2096 2099 2097
2 2097 2099 2100
2 2097 2100 2098
2 2098 2100 2101
2 2098 2101 1292
2 1292 2101 1293
2 1213 1214 2099
2 2099 1214 2102
2 2099 2102 2100
2 2100 2102 2103
2 2100 2103 2101
2 2101 2103 2104
2 2101 2104 1293
2 1293 2104 1294
2 1214 157 2102
2 2102 157 1850
2 2102 1850 2103
2 2103 1850 1851
2 2103 1851 2104
2 2104 1851 1852
2 2104 1852 1294
2 1294 1852 167
2 157 1407 1850
2 1850 1407 2105
2 1850 2105 1851
2 1851 2105 2106
2 1851 2106 1852
2 1852 2106 2107
2 1852 2107 167
2 167 2107 1487
2 1407 1408 2105
2 2105 1408 2108
2 2105 2108 2106
2 2106 2108 2109
2 2106 2109 2107
2 2107 2109 2110
2 2107 2110 1487
2 1487 2110 1488
2 1408 1409 2108
2 2108 1409 2111
2 2108 2111 2109
2 2109 2111 2112
2 2109 2112 2110
2 2110 2112 2113
2 2110 2113 1488
2 1488 2113 1489
2 1409 1410 2111
2 2111 1410 2114
2 2111 2114 2112
2 2112 2114 2115
2 2112 2115 2113
2 2113 2115 2116
2 2113 2116 1489
2 1489 2116 1490
2 1410 1411 2114
2 2114 1411 2117
2 2114 2117 2115
2 2115 2117 2118
2 2115 2118 2116
2 2116 2118 2119
2 2116 2119 1490
2 1490 2119 1491
2 1411 1412 2117
2 2117 1412 2120
2 2117 2120 2118
2 2118 2120 2121
2 2118 2121 2119
2 2119 2121 2122
2 2119 2122 1491
2 1491 2122 1492
2 1412 1413 2120
2 2120 1413 2123
2 2120 2123 2121
2 2121 2123 2124
2 2121 2124 2122
2 2122 2124 2125
2 2122 2125 1492
2 1492 2125 1493
2 1413 1414 2123
2 2123 1414 2126
2 2123 2126 2124
2 2124 2126 2127
2 2124 2127 2125
2 2125 2127 2128
2 2125 2128 1493
2 1493 2128 1494
2 1414 182 2126
2 2126 182 1856
2 2126 1856 2127
2 2127 1856 1857
2 2127 1857 2128
2 2128 1857 1858
2 2128 1858 1494
2 1494 1858 192
